step_zm2_R5_sqrt_TW_freq 	 step_zm2_R5_amp 	 step_zm2_R5_amp_sigma 	 step_zm2_R5_theta 	 step_zm2_R5_theta_sigma 	 step_zm2_R5_DCV 	 step_zm2_R5_DCV_sigma 	 step_zm2_R5_decay_ratio 
6.32455532E+0	1.67799196E-5	1.49826912E-8	3.15138648E-2	4.54008537E-3	0.00000000E+0	0.00000000E+0	-9.15088792E+0
6.79980777E+0	1.40989538E-5	1.54251400E-7	4.11097075E-2	6.18958746E-3	0.00000000E+0	0.00000000E+0	-9.25251562E+0
7.41648866E+0	1.14044130E-5	5.92300887E-8	-1.11949846E-1	4.78348774E-3	0.00000000E+0	0.00000000E+0	-9.37780445E+0
7.89174111E+0	9.99526457E-6	6.48020357E-8	-1.82331725E-1	3.46714484E-3	0.00000000E+0	0.00000000E+0	-9.44758234E+0
8.36699356E+0	8.44902282E-6	9.11103594E-8	-3.32107650E-1	2.57435293E-3	0.00000000E+0	0.00000000E+0	-9.55716514E+0
8.84224602E+0	7.71028127E-6	2.00608448E-8	-3.52139313E-1	4.03620080E-3	0.00000000E+0	0.00000000E+0	-9.59341497E+0
9.31749847E+0	6.37756433E-6	4.29201533E-8	-4.21660054E-1	9.70428998E-4	0.00000000E+0	0.00000000E+0	-9.73083011E+0
9.79275092E+0	6.07709648E-6	5.99501784E-8	-5.56706373E-1	1.82352560E-3	0.00000000E+0	0.00000000E+0	-9.72934112E+0
1.03680046E+1	5.07597242E-6	3.52463277E-8	-6.81654021E-1	3.96709526E-3	0.00000000E+0	0.00000000E+0	-9.85226786E+0
1.08432571E+1	4.68833645E-6	5.65606802E-8	-7.74945321E-1	4.20612833E-3	0.00000000E+0	0.00000000E+0	-9.88688932E+0
1.13185095E+1	4.45390012E-6	1.54787868E-8	-8.41927179E-1	1.16590171E-2	0.00000000E+0	0.00000000E+0	-9.89529102E+0
1.17937620E+1	3.44367122E-6	1.88637143E-8	-8.49304740E-1	4.66346622E-3	0.00000000E+0	0.00000000E+0	-1.01114017E+1
1.23506645E+1	2.97123126E-6	2.81542843E-8	-1.08310175E+0	4.29747380E-3	0.00000000E+0	0.00000000E+0	-1.02128243E+1
1.28259170E+1	2.55505474E-6	5.79908156E-9	-9.65851541E-1	3.43793199E-2	0.00000000E+0	0.00000000E+0	-1.03259690E+1
1.33011695E+1	3.06314645E-6	3.79435198E-9	-1.08032623E+0	1.86485462E-2	0.00000000E+0	0.00000000E+0	-1.01082160E+1
1.37764219E+1	2.44502278E-6	2.95118200E-8	-1.26103443E+0	2.52185674E-3	0.00000000E+0	0.00000000E+0	-1.02984975E+1
1.43223853E+1	1.54625645E-6	3.13408580E-8	-1.16247915E+0	1.11580414E-2	0.00000000E+0	0.00000000E+0	-1.07178500E+1
1.47976377E+1	1.80472738E-6	9.98542812E-9	-1.31203869E+0	7.86631990E-3	0.00000000E+0	0.00000000E+0	-1.05306335E+1
1.52728902E+1	2.29862555E-6	1.97584689E-8	-1.17993057E+0	1.60919422E-2	0.00000000E+0	0.00000000E+0	-1.02571198E+1
1.57481426E+1	1.78883428E-6	1.54653450E-8	-8.63797455E-1	2.16091772E-2	0.00000000E+0	0.00000000E+0	-1.04772240E+1


---------------------------------sample information------------------------------------
サンプル名	step_zm2_R5
試料厚	2.65000000E+1
熱拡散率(位相)	1.12233354E-7
熱拡散率(振幅)	1.03237352E-7
ヒーター印加電圧	1.50000000E+0
切片	8.55519766E-1
Y position	0.00000000E+0
z_pos -2