0122_z6um_10step_sqrt_TW_freq 	 0122_z6um_10step_amp 	 0122_z6um_10step_amp_sigma 	 0122_z6um_10step_theta 	 0122_z6um_10step_theta_sigma 	 0122_z6um_10step_DCV 	 0122_z6um_10step_DCV_sigma 	 0122_z6um_10step_decay_ratio 
7.89865417E+0	1.73481936E-5	1.86940127E-8	-7.79471677E-1	1.59022549E-3	0.00000000E+0	0.00000000E+0	-8.89532979E+0
1.01703408E+1	7.85441749E-6	7.11790086E-9	-1.06440671E+0	2.40739011E-3	0.00000000E+0	0.00000000E+0	-9.43495873E+0
1.24236762E+1	4.08190813E-6	5.64074566E-9	-1.27805313E+0	9.41721410E-4	0.00000000E+0	0.00000000E+0	-9.88934197E+0
1.46660725E+1	2.28089620E-6	1.86166475E-8	-1.50408379E+0	3.79670920E-3	0.00000000E+0	0.00000000E+0	-1.03054053E+1
1.69010035E+1	1.30687772E-6	1.68400693E-8	-1.59098539E+0	9.12322518E-3	0.00000000E+0	0.00000000E+0	-1.07204967E+1
1.91304240E+1	6.93640230E-7	1.17412309E-9	-2.01563987E+0	1.47388643E-2	0.00000000E+0	0.00000000E+0	-1.12300325E+1
2.13555617E+1	4.38163242E-7	1.25435974E-9	-2.16210970E+0	2.01430275E-2	0.00000000E+0	0.00000000E+0	-1.15793621E+1
2.35772471E+1	3.81677787E-7	8.51045787E-9	-2.56902704E+0	2.27542894E-2	0.00000000E+0	0.00000000E+0	-1.16184069E+1
2.57960729E+1	1.71164997E-7	6.75881599E-9	-2.69810761E+0	1.27435373E-2	0.00000000E+0	0.00000000E+0	-1.23304156E+1
2.80124796E+1	1.98836763E-7	1.94755315E-9	2.39302364E+0	1.94373081E+0	0.00000000E+0	0.00000000E+0	-1.20981315E+1


---------------------------------sample information------------------------------------
ƒTƒ“ƒvƒ‹–¼	0122_z6um_10step
—¿Œú	5.00000000E+1
”MŠgU—¦(ˆÊ‘Š)	4.57910416E-7
”MŠgU—¦(U•)	2.76534920E-7
ƒq[ƒ^[ˆó‰Á“dˆ³	3.00000000E+0
Ø•Ğ	4.01265575E-1
Y position	0.00000000E+0
z = -6um