0122_x75um_15step_sqrt_TW_freq 	 0122_x75um_15step_amp 	 0122_x75um_15step_amp_sigma 	 0122_x75um_15step_theta 	 0122_x75um_15step_theta_sigma 	 0122_x75um_15step_DCV 	 0122_x75um_15step_DCV_sigma 	 0122_x75um_15step_decay_ratio 
7.89865417E+0	2.20489811E-5	1.15578698E-8	-9.04443040E-1	4.40451288E-4	0.00000000E+0	0.00000000E+0	-8.65555178E+0
9.29473761E+0	1.37633990E-5	7.07808752E-9	-1.09453933E+0	3.84012615E-4	0.00000000E+0	0.00000000E+0	-8.96404934E+0
1.07908223E+1	8.01256332E-6	1.43821600E-8	-1.31423533E+0	4.72688098E-4	0.00000000E+0	0.00000000E+0	-9.35580385E+0
1.21869058E+1	5.33358858E-6	2.70613039E-8	-1.44319371E+0	2.61870982E-3	0.00000000E+0	0.00000000E+0	-9.64112419E+0
1.36646393E+1	3.46822265E-6	1.20205608E-9	-1.59773610E+0	2.46956999E-3	0.00000000E+0	0.00000000E+0	-9.95705688E+0
1.51314336E+1	2.38333557E-6	1.30889277E-9	-1.82784882E+0	6.37952639E-3	0.00000000E+0	0.00000000E+0	-1.02302353E+1
1.65907628E+1	1.54965274E-6	1.35049918E-9	-1.95677999E+0	4.06840787E-3	0.00000000E+0	0.00000000E+0	-1.05686336E+1
1.80445813E+1	1.14667299E-6	3.54178159E-9	-2.06742801E+0	1.04129597E-3	0.00000000E+0	0.00000000E+0	-1.07858004E+1
1.94941171E+1	8.09023122E-7	1.74984368E-8	-2.29402711E+0	4.54652600E-3	0.00000000E+0	0.00000000E+0	-1.10573256E+1
2.09402006E+1	6.47940158E-7	1.04441806E-8	-2.35855060E+0	1.16523650E-2	0.00000000E+0	0.00000000E+0	-1.12077967E+1
2.23834245E+1	3.33124922E-7	3.48575284E-9	-2.34804244E+0	1.31877490E-2	0.00000000E+0	0.00000000E+0	-1.18064276E+1
2.38242293E+1	4.31985573E-7	7.42935419E-9	-2.58046401E+0	2.29517395E-2	0.00000000E+0	0.00000000E+0	-1.14841705E+1
2.52629529E+1	3.25293063E-7	3.49333114E-9	-2.88311709E+0	1.29147916E-2	0.00000000E+0	0.00000000E+0	-1.17092003E+1
2.66998612E+1	1.51193761E-7	1.92190700E-9	-3.00684182E+0	7.62670638E-3	0.00000000E+0	0.00000000E+0	-1.24200453E+1
2.81351679E+1	2.20547459E-7	9.97660161E-9	-2.81699909E+0	8.90203115E-3	0.00000000E+0	0.00000000E+0	-1.19901326E+1


---------------------------------sample information------------------------------------
ƒTƒ“ƒvƒ‹–¼	0122_x75um_15step
—¿Œú	5.00000000E+1
”MŠgU—¦(ˆÊ‘Š)	7.72267297E-7
”MŠgU—¦(U•)	2.54780408E-7
ƒq[ƒ^[ˆó‰Á“dˆ³	3.00000000E+0
Ø•Ğ	-2.15408963E-1
Y position	0.00000000E+0
x = -60um