0122_x60um_15step_sqrt_TW_freq 	 0122_x60um_15step_amp 	 0122_x60um_15step_amp_sigma 	 0122_x60um_15step_theta 	 0122_x60um_15step_theta_sigma 	 0122_x60um_15step_DCV 	 0122_x60um_15step_DCV_sigma 	 0122_x60um_15step_decay_ratio 
7.89865417E+0	2.27466605E-5	2.56645473E-8	-8.51826497E-1	1.11062272E-3	0.00000000E+0	0.00000000E+0	-8.62439983E+0
9.29473761E+0	1.36237160E-5	4.07684217E-8	-1.04798373E+0	8.00033245E-4	0.00000000E+0	0.00000000E+0	-8.97425007E+0
1.07908223E+1	8.08751200E-6	3.31881083E-8	-1.28833399E+0	1.68772445E-3	0.00000000E+0	0.00000000E+0	-9.34649343E+0
1.21869058E+1	5.37486980E-6	4.69171114E-9	-1.40876739E+0	1.98205620E-3	0.00000000E+0	0.00000000E+0	-9.63341413E+0
1.36646393E+1	3.43644056E-6	1.04391199E-8	-1.59254867E+0	1.37554907E-3	0.00000000E+0	0.00000000E+0	-9.96626292E+0
1.51314336E+1	2.34260735E-6	1.02802135E-8	-1.71813499E+0	6.68835740E-3	0.00000000E+0	0.00000000E+0	-1.02474717E+1
1.65907628E+1	1.65415231E-6	5.08064464E-9	-1.86900917E+0	3.38521749E-3	0.00000000E+0	0.00000000E+0	-1.05033758E+1
1.80445813E+1	1.16363093E-6	5.81397171E-9	-1.90884921E+0	1.83150922E-3	0.00000000E+0	0.00000000E+0	-1.07711199E+1
1.94941171E+1	9.33906590E-7	7.79423316E-9	-2.17370722E+0	4.00544021E-3	0.00000000E+0	0.00000000E+0	-1.09137767E+1
2.09402006E+1	7.64245755E-7	7.54120165E-10	-2.46932974E+0	8.54646789E-3	0.00000000E+0	0.00000000E+0	-1.10427056E+1
2.23834245E+1	4.84215036E-7	9.90178743E-9	-2.59157505E+0	1.48311472E-2	0.00000000E+0	0.00000000E+0	-1.14324160E+1
2.38242293E+1	4.34952948E-7	1.31600161E-8	-2.36110798E+0	4.69737575E-3	0.00000000E+0	0.00000000E+0	-1.14773249E+1
2.52629529E+1	1.16383956E-7	3.66276061E-9	-2.36246471E+0	1.63435693E-1	0.00000000E+0	0.00000000E+0	-1.27370321E+1
2.66998612E+1	2.40555061E-7	7.44027355E-9	-2.73284108E+0	4.30192142E-2	0.00000000E+0	0.00000000E+0	-1.19556585E+1
2.81351679E+1	2.70273259E-7	9.62235569E-9	-3.03124156E+0	7.17995527E-3	0.00000000E+0	0.00000000E+0	-1.17868120E+1


---------------------------------sample information------------------------------------
ƒTƒ“ƒvƒ‹–¼	0122_x60um_15step
—¿Œú	5.00000000E+1
”MŠgU—¦(ˆÊ‘Š)	8.34580415E-7
”MŠgU—¦(U•)	2.58098670E-7
ƒq[ƒ^[ˆó‰Á“dˆ³	3.00000000E+0
Ø•Ğ	-2.12142514E-1
Y position	0.00000000E+0
x = -60um