0122_x90um_15step_sqrt_TW_freq 	 0122_x90um_15step_amp 	 0122_x90um_15step_amp_sigma 	 0122_x90um_15step_theta 	 0122_x90um_15step_theta_sigma 	 0122_x90um_15step_DCV 	 0122_x90um_15step_DCV_sigma 	 0122_x90um_15step_decay_ratio 
7.89865417E+0	2.23290712E-5	3.65047714E-8	-9.41240664E-1	3.04494135E-4	0.00000000E+0	0.00000000E+0	-8.64292870E+0
9.29473761E+0	1.33491236E-5	9.68140566E-9	-1.13996941E+0	4.64254875E-4	0.00000000E+0	0.00000000E+0	-8.99461143E+0
1.07908223E+1	8.03094325E-6	6.31367044E-9	-1.31448888E+0	2.94485693E-3	0.00000000E+0	0.00000000E+0	-9.35351258E+0
1.21869058E+1	5.16513418E-6	4.74802972E-9	-1.53486021E+0	2.64263663E-3	0.00000000E+0	0.00000000E+0	-9.67321740E+0
1.36646393E+1	3.27708244E-6	5.85349295E-9	-1.67290867E+0	5.12527589E-3	0.00000000E+0	0.00000000E+0	-1.00137456E+1
1.51314336E+1	2.19052998E-6	1.25949657E-9	-1.88367914E+0	2.17150357E-3	0.00000000E+0	0.00000000E+0	-1.03145928E+1
1.65907628E+1	1.54544552E-6	7.71006249E-9	-2.04031085E+0	1.03702445E-2	0.00000000E+0	0.00000000E+0	-1.05713522E+1
1.80445813E+1	1.10325425E-6	2.63466705E-9	-2.24480744E+0	1.32300626E-2	0.00000000E+0	0.00000000E+0	-1.08244009E+1
1.94941171E+1	8.32807682E-7	4.42851117E-9	-2.41376858E+0	1.80517486E-3	0.00000000E+0	0.00000000E+0	-1.10283504E+1
2.09402006E+1	6.94679460E-7	3.24134582E-9	-2.60928388E+0	6.32941602E-3	0.00000000E+0	0.00000000E+0	-1.11381445E+1
2.23834245E+1	5.09407965E-7	2.53907609E-8	-2.90684098E+0	2.06066593E-2	0.00000000E+0	0.00000000E+0	-1.13816959E+1
2.38242293E+1	2.56215242E-7	1.20309760E-9	-2.86608701E+0	1.46460001E-2	0.00000000E+0	0.00000000E+0	-1.20065449E+1
2.52629529E+1	1.36754710E-7	2.92896064E-9	-1.36257318E+0	2.73074336E+0	0.00000000E+0	0.00000000E+0	-1.25757379E+1
2.66998612E+1	6.84410578E-8	7.37252137E-9	2.73301269E+0	7.74039679E-2	0.00000000E+0	0.00000000E+0	-1.32126346E+1
2.81351679E+1	6.08632933E-8	5.14221319E-9	1.64790413E+0	2.45089250E+0	0.00000000E+0	0.00000000E+0	-1.32776153E+1


---------------------------------sample information------------------------------------
ƒTƒ“ƒvƒ‹–¼	0122_x90um_15step
—¿Œú	5.00000000E+1
”MŠgU—¦(ˆÊ‘Š)	4.89417807E-7
”MŠgU—¦(U•)	1.61801324E-7
ƒq[ƒ^[ˆó‰Á“dˆ³	3.00000000E+0
Ø•Ğ	7.53651755E-2
Y position	0.00000000E+0
x = -90um