0122_x15um_15step_sqrt_TW_freq 	 0122_x15um_15step_amp 	 0122_x15um_15step_amp_sigma 	 0122_x15um_15step_theta 	 0122_x15um_15step_theta_sigma 	 0122_x15um_15step_DCV 	 0122_x15um_15step_DCV_sigma 	 0122_x15um_15step_decay_ratio 
7.89865417E+0	2.07341548E-5	4.69706417E-8	-7.82750970E-1	7.89153961E-4	0.00000000E+0	0.00000000E+0	-8.71703584E+0
9.29473761E+0	1.27960485E-5	8.62646464E-9	-9.51117498E-1	3.11987979E-3	0.00000000E+0	0.00000000E+0	-9.03692575E+0
1.07908223E+1	7.88177767E-6	1.53917222E-8	-1.11679573E+0	6.46520484E-4	0.00000000E+0	0.00000000E+0	-9.37226110E+0
1.21869058E+1	5.12244499E-6	1.95796762E-8	-1.29710189E+0	1.98286009E-4	0.00000000E+0	0.00000000E+0	-9.68151662E+0
1.36646393E+1	3.44970401E-6	1.22407547E-8	-1.39301996E+0	4.52100402E-3	0.00000000E+0	0.00000000E+0	-9.96241070E+0
1.51314336E+1	2.58796062E-6	3.67961277E-9	-1.59998683E+0	4.51672500E-3	0.00000000E+0	0.00000000E+0	-1.01478661E+1
1.65907628E+1	1.62514402E-6	1.04196470E-8	-1.67068003E+0	4.04351413E-3	0.00000000E+0	0.00000000E+0	-1.05210680E+1
1.80445813E+1	1.10126658E-6	5.52350851E-9	-1.81800269E+0	7.21602035E-3	0.00000000E+0	0.00000000E+0	-1.08262042E+1
1.94941171E+1	1.06752036E-6	2.29198201E-9	-2.02313958E+0	4.62872204E-3	0.00000000E+0	0.00000000E+0	-1.07800593E+1
2.09402006E+1	7.11695501E-7	7.03466031E-9	-2.12617775E+0	1.71504786E-2	0.00000000E+0	0.00000000E+0	-1.11139449E+1
2.23834245E+1	4.68520120E-7	1.17949995E-8	-2.45312091E+0	2.09509917E-2	0.00000000E+0	0.00000000E+0	-1.14653661E+1
2.38242293E+1	4.08720681E-7	6.77186282E-10	-2.15920503E+0	4.51712521E-3	0.00000000E+0	0.00000000E+0	-1.15395307E+1
2.52629529E+1	3.96432160E-7	8.46627031E-10	-2.37715246E+0	4.54569823E-3	0.00000000E+0	0.00000000E+0	-1.15114219E+1
2.66998612E+1	3.20035855E-7	8.24984164E-9	-2.64031527E+0	2.10117061E-2	0.00000000E+0	0.00000000E+0	-1.16701744E+1
2.81351679E+1	2.62428028E-7	2.64333795E-9	-2.49791811E+0	4.63895444E-3	0.00000000E+0	0.00000000E+0	-1.18162687E+1


---------------------------------sample information------------------------------------
ƒTƒ“ƒvƒ‹–¼	0122_x15um_15step
—¿Œú	5.00000000E+1
”MŠgU—¦(ˆÊ‘Š)	9.71007795E-7
”MŠgU—¦(U•)	3.32586941E-7
ƒq[ƒ^[ˆó‰Á“dˆ³	3.00000000E+0
Ø•Ğ	-1.72864111E-1
Y position	0.00000000E+0
x = -15um