0122_x45um_15step_sqrt_TW_freq 	 0122_x45um_15step_amp 	 0122_x45um_15step_amp_sigma 	 0122_x45um_15step_theta 	 0122_x45um_15step_theta_sigma 	 0122_x45um_15step_DCV 	 0122_x45um_15step_DCV_sigma 	 0122_x45um_15step_decay_ratio 
7.89865417E+0	2.28377450E-5	4.25982524E-8	-8.15532377E-1	5.73301305E-4	0.00000000E+0	0.00000000E+0	-8.62040352E+0
9.29473761E+0	1.37405770E-5	1.04087391E-8	-9.98507715E-1	1.33381883E-3	0.00000000E+0	0.00000000E+0	-8.96570888E+0
1.07908223E+1	8.14601180E-6	1.18818929E-8	-1.17979067E+0	1.88583087E-3	0.00000000E+0	0.00000000E+0	-9.33928611E+0
1.21869058E+1	5.43460037E-6	5.01982964E-9	-1.37889571E+0	1.35194968E-3	0.00000000E+0	0.00000000E+0	-9.62236249E+0
1.36646393E+1	3.58498086E-6	1.36978071E-9	-1.53678668E+0	9.13122673E-4	0.00000000E+0	0.00000000E+0	-9.92394600E+0
1.51314336E+1	2.30091792E-6	7.62803656E-9	-1.66774417E+0	3.31420685E-3	0.00000000E+0	0.00000000E+0	-1.02654281E+1
1.65907628E+1	1.70904796E-6	6.01103024E-9	-1.79682340E+0	2.28365067E-4	0.00000000E+0	0.00000000E+0	-1.04707280E+1
1.80445813E+1	1.22740097E-6	2.44934517E-9	-1.98180506E+0	1.04034516E-3	0.00000000E+0	0.00000000E+0	-1.07177662E+1
1.94941171E+1	9.45715418E-7	1.74061814E-9	-2.22538278E+0	1.06354845E-2	0.00000000E+0	0.00000000E+0	-1.09012114E+1
2.09402006E+1	6.81028442E-7	2.73098000E-9	-2.39747914E+0	1.34063596E-2	0.00000000E+0	0.00000000E+0	-1.11579910E+1
2.23834245E+1	4.73264391E-7	8.75290459E-10	-2.41992957E+0	7.90605199E-3	0.00000000E+0	0.00000000E+0	-1.14552909E+1
2.38242293E+1	3.41985342E-7	9.71577799E-9	-2.79486704E+0	9.35663742E-3	0.00000000E+0	0.00000000E+0	-1.17177949E+1
2.52629529E+1	2.86568476E-7	1.03969918E-8	-3.00266686E+0	2.36910354E-2	0.00000000E+0	0.00000000E+0	-1.18359493E+1
2.66998612E+1	3.14137850E-7	1.56466688E-9	-2.54623402E+0	1.10379196E-2	0.00000000E+0	0.00000000E+0	-1.16887756E+1
2.81351679E+1	2.46565744E-7	6.75027822E-9	-2.83922270E+0	2.98234693E-2	0.00000000E+0	0.00000000E+0	-1.18786168E+1


---------------------------------sample information------------------------------------
ƒTƒ“ƒvƒ‹–¼	0122_x45um_15step
—¿Œú	5.00000000E+1
”MŠgU—¦(ˆÊ‘Š)	7.06326490E-7
”MŠgU—¦(U•)	2.89313449E-7
ƒq[ƒ^[ˆó‰Á“dˆ³	3.00000000E+0
Ø•Ğ	-7.16226989E-2
Y position	0.00000000E+0
x = -15um