step_zm1_R5_sqrt_TW_freq 	 step_zm1_R5_amp 	 step_zm1_R5_amp_sigma 	 step_zm1_R5_theta 	 step_zm1_R5_theta_sigma 	 step_zm1_R5_DCV 	 step_zm1_R5_DCV_sigma 	 step_zm1_R5_decay_ratio 
6.32455532E+0	1.59813418E-5	4.40429721E-9	4.21497116E-2	4.74040169E-3	0.00000000E+0	0.00000000E+0	-9.19964892E+0
6.79980777E+0	1.41069449E-5	7.92401977E-8	7.01469923E-3	3.43542624E-3	0.00000000E+0	0.00000000E+0	-9.25194899E+0
7.41648866E+0	1.12720895E-5	4.00242623E-8	-1.89500714E-1	7.18942369E-3	0.00000000E+0	0.00000000E+0	-9.38947513E+0
7.89174111E+0	9.36787677E-6	3.75636257E-8	-2.51439019E-1	6.71579946E-3	0.00000000E+0	0.00000000E+0	-9.51240730E+0
8.36699356E+0	8.57548773E-6	7.04209402E-9	-4.05991330E-1	4.07792849E-3	0.00000000E+0	0.00000000E+0	-9.54230806E+0
8.84224602E+0	7.33685236E-6	3.74109453E-8	-4.39226083E-1	3.51238595E-3	0.00000000E+0	0.00000000E+0	-9.64305972E+0
9.31749847E+0	6.51314557E-6	2.19187216E-8	-5.45073631E-1	9.84362458E-4	0.00000000E+0	0.00000000E+0	-9.70979384E+0
9.79275092E+0	5.51854626E-6	1.88118491E-8	-5.37872837E-1	1.02902679E-2	0.00000000E+0	0.00000000E+0	-9.82575368E+0
1.03680046E+1	5.48888896E-6	1.60310162E-8	-7.01001722E-1	5.25141522E-3	0.00000000E+0	0.00000000E+0	-9.77406011E+0
1.08432571E+1	4.59575686E-6	1.73153685E-8	-6.30077250E-1	2.17402970E-3	0.00000000E+0	0.00000000E+0	-9.90683368E+0
1.13185095E+1	3.83495849E-6	8.27341989E-8	-6.95752375E-1	2.18571718E-2	0.00000000E+0	0.00000000E+0	-1.00449126E+1
1.17937620E+1	3.45827206E-6	8.85147857E-8	-6.98871052E-1	1.43021946E-2	0.00000000E+0	0.00000000E+0	-1.01071708E+1
1.23506645E+1	3.27036792E-6	8.50530104E-9	-9.70593264E-1	1.30854473E-2	0.00000000E+0	0.00000000E+0	-1.01168982E+1
1.28259170E+1	2.90528596E-6	8.65122069E-9	-1.07603951E+0	3.46006328E-3	0.00000000E+0	0.00000000E+0	-1.01975108E+1
1.33011695E+1	3.21382100E-6	3.95570555E-8	-1.13199769E+0	9.79972742E-3	0.00000000E+0	0.00000000E+0	-1.00601980E+1
1.37764219E+1	2.19031086E-6	3.61357691E-8	-1.29511099E+0	3.31923608E-2	0.00000000E+0	0.00000000E+0	-1.04085085E+1
1.43223853E+1	1.51613456E-6	5.26471265E-8	-1.01743536E+0	7.33860798E-3	0.00000000E+0	0.00000000E+0	-1.07375228E+1
1.47976377E+1	1.46224958E-6	5.13450271E-8	-1.39275844E+0	5.69836463E-3	0.00000000E+0	0.00000000E+0	-1.07410669E+1
1.52728902E+1	1.58312753E-6	9.23087069E-9	-1.15345245E+0	1.43313614E-2	0.00000000E+0	0.00000000E+0	-1.06300288E+1
1.57481426E+1	1.14791188E-6	2.49667771E-8	-1.13926216E+0	2.48680535E-2	0.00000000E+0	0.00000000E+0	-1.09208436E+1


---------------------------------sample information------------------------------------
サンプル名	step_zm1_R5
試料厚	2.65000000E+1
熱拡散率(位相)	1.12700648E-7
熱拡散率(振幅)	7.69536407E-8
ヒーター印加電圧	1.50000000E+0
切片	8.38216275E-1
Y position	0.00000000E+0
z_pos -1