step_z2_R5_sqrt_TW_freq 	 step_z2_R5_amp 	 step_z2_R5_amp_sigma 	 step_z2_R5_theta 	 step_z2_R5_theta_sigma 	 step_z2_R5_DCV 	 step_z2_R5_DCV_sigma 	 step_z2_R5_decay_ratio 
6.32455532E+0	1.41525099E-5	1.20824113E-7	-9.27977666E-2	1.44552264E-4	0.00000000E+0	0.00000000E+0	-9.32117884E+0
6.79980777E+0	1.18943462E-5	4.85077475E-8	-1.45704281E-1	1.16697801E-2	0.00000000E+0	0.00000000E+0	-9.42255304E+0
7.41648866E+0	1.04856677E-5	8.47168047E-8	-2.87221244E-1	4.12456290E-3	0.00000000E+0	0.00000000E+0	-9.46179550E+0
7.89174111E+0	9.04123632E-6	4.79912978E-8	-3.21164169E-1	3.34762068E-3	0.00000000E+0	0.00000000E+0	-9.54789785E+0
8.36699356E+0	7.23670806E-6	1.11250326E-8	-4.76486968E-1	2.78187366E-3	0.00000000E+0	0.00000000E+0	-9.71204952E+0
8.84224602E+0	6.22816998E-6	9.10724523E-9	-4.91835302E-1	2.25927940E-3	0.00000000E+0	0.00000000E+0	-9.80688709E+0
9.31749847E+0	6.34405411E-6	1.48116858E-8	-6.24273742E-1	5.55117890E-3	0.00000000E+0	0.00000000E+0	-9.73609836E+0
9.79275092E+0	5.04533889E-6	6.20637205E-8	-7.16276459E-1	1.15685383E-2	0.00000000E+0	0.00000000E+0	-9.91540332E+0
1.03680046E+1	4.91651685E-6	3.36540086E-8	-9.14369212E-1	1.08274283E-3	0.00000000E+0	0.00000000E+0	-9.88418565E+0
1.08432571E+1	3.94534796E-6	2.33236164E-8	-8.37255423E-1	2.05550193E-2	0.00000000E+0	0.00000000E+0	-1.00594300E+1
1.13185095E+1	3.68637364E-6	7.18034884E-8	-8.28962130E-1	1.40252622E-2	0.00000000E+0	0.00000000E+0	-1.00844279E+1
1.17937620E+1	3.34452749E-6	3.12612779E-8	-9.65671411E-1	2.00592868E-3	0.00000000E+0	0.00000000E+0	-1.01406144E+1
1.23506645E+1	2.29842621E-6	3.55966027E-8	-1.16552128E+0	1.98965307E-3	0.00000000E+0	0.00000000E+0	-1.04695761E+1
1.28259170E+1	2.13711732E-6	4.84551225E-9	-9.94724234E-1	2.11955336E-3	0.00000000E+0	0.00000000E+0	-1.05045848E+1
1.33011695E+1	2.04309394E-6	1.98558334E-8	-1.27961907E+0	1.82831087E-2	0.00000000E+0	0.00000000E+0	-1.05131933E+1
1.37764219E+1	1.59268522E-6	5.39737689E-8	-1.57552890E+0	2.89267642E-2	0.00000000E+0	0.00000000E+0	-1.07271306E+1
1.43223853E+1	1.81632407E-6	7.66518410E-8	-1.74828515E+0	2.09993951E-2	0.00000000E+0	0.00000000E+0	-1.05568721E+1
1.47976377E+1	1.66700836E-6	3.86936765E-8	-1.17482625E+0	8.10075605E-3	0.00000000E+0	0.00000000E+0	-1.06100124E+1
1.52728902E+1	1.14298444E-6	5.49055421E-8	-1.48502842E+0	3.61959741E-2	0.00000000E+0	0.00000000E+0	-1.09557884E+1
1.57481426E+1	1.54169901E-6	1.40905119E-8	-1.64339016E+0	1.86871942E-2	0.00000000E+0	0.00000000E+0	-1.06259031E+1


---------------------------------sample information------------------------------------
サンプル名	step_z2_R5
試料厚	2.65000000E+1
熱拡散率(位相)	8.17312168E-8
熱拡散率(振幅)	8.26837340E-8
ヒーター印加電圧	1.50000000E+0
切片	9.30890929E-1
Y position	0.00000000E+0
z_pos 2