step_z1_R5_sqrt_TW_freq 	 step_z1_R5_amp 	 step_z1_R5_amp_sigma 	 step_z1_R5_theta 	 step_z1_R5_theta_sigma 	 step_z1_R5_DCV 	 step_z1_R5_DCV_sigma 	 step_z1_R5_decay_ratio 
6.32455532E+0	1.52934687E-5	3.53602815E-8	5.80217274E-2	6.14908511E-3	0.00000000E+0	0.00000000E+0	-9.24364498E+0
6.79980777E+0	1.33874409E-5	4.75278149E-8	-4.06954639E-2	9.27134954E-4	0.00000000E+0	0.00000000E+0	-9.30429920E+0
7.41648866E+0	1.13931445E-5	1.58906846E-8	-1.65114195E-1	1.94437054E-3	0.00000000E+0	0.00000000E+0	-9.37879302E+0
7.89174111E+0	9.17925343E-6	5.31694460E-8	-2.48908935E-1	7.25384914E-4	0.00000000E+0	0.00000000E+0	-9.53274790E+0
8.36699356E+0	9.17172071E-6	1.45923015E-7	-4.03211839E-1	9.07491215E-3	0.00000000E+0	0.00000000E+0	-9.47509102E+0
8.84224602E+0	6.85365389E-6	1.27538997E-8	-3.76427027E-1	1.71277806E-3	0.00000000E+0	0.00000000E+0	-9.71118772E+0
9.31749847E+0	6.20017523E-6	9.13463528E-8	-5.80335491E-1	1.96345340E-3	0.00000000E+0	0.00000000E+0	-9.75903882E+0
9.79275092E+0	6.13746031E-6	3.87120983E-8	-5.48121187E-1	1.13399748E-2	0.00000000E+0	0.00000000E+0	-9.71945712E+0
1.03680046E+1	4.52150001E-6	4.79450207E-8	-6.99751753E-1	1.49826187E-2	0.00000000E+0	0.00000000E+0	-9.96794217E+0
1.08432571E+1	4.32804089E-6	9.20757110E-9	-5.65040176E-1	3.24686385E-3	0.00000000E+0	0.00000000E+0	-9.96685215E+0
1.13185095E+1	3.87661122E-6	2.20904176E-8	-7.50909283E-1	1.96608505E-2	0.00000000E+0	0.00000000E+0	-1.00341098E+1
1.17937620E+1	3.53701158E-6	5.04829918E-9	-9.06906623E-1	8.55773149E-3	0.00000000E+0	0.00000000E+0	-1.00846576E+1
1.23506645E+1	2.85043073E-6	4.93367832E-9	-9.12733572E-1	5.90916311E-3	0.00000000E+0	0.00000000E+0	-1.02543306E+1
1.28259170E+1	1.81122355E-6	7.53126330E-8	-1.02006321E+0	8.96204231E-3	0.00000000E+0	0.00000000E+0	-1.06700401E+1
1.33011695E+1	2.83854229E-6	8.40868368E-9	-1.15718285E+0	3.24928087E-3	0.00000000E+0	0.00000000E+0	-1.01843680E+1
1.37764219E+1	2.81999505E-6	1.36076368E-8	-1.22161380E+0	6.12567509E-3	0.00000000E+0	0.00000000E+0	-1.01558169E+1
1.43223853E+1	1.75579370E-6	5.24821199E-9	-1.15500663E+0	3.38802097E-4	0.00000000E+0	0.00000000E+0	-1.05907658E+1
1.47976377E+1	1.44673206E-6	4.90644085E-8	-1.08910926E+0	5.86159313E-3	0.00000000E+0	0.00000000E+0	-1.07517357E+1
1.52728902E+1	1.70389976E-6	1.80740870E-8	-1.36906792E+0	1.70321289E-3	0.00000000E+0	0.00000000E+0	-1.05565116E+1
1.57481426E+1	1.19599536E-6	3.83666410E-8	-1.37545558E+0	1.25042765E-2	0.00000000E+0	0.00000000E+0	-1.08798094E+1


---------------------------------sample information------------------------------------
サンプル名	step_z1_R5
試料厚	2.65000000E+1
熱拡散率(位相)	1.01469681E-7
熱拡散率(振幅)	8.21474171E-8
ヒーター印加電圧	1.50000000E+0
切片	9.06441792E-1
Y position	0.00000000E+0
z_pos 1
