step_z3_R5_sqrt_TW_freq 	 step_z3_R5_amp 	 step_z3_R5_amp_sigma 	 step_z3_R5_theta 	 step_z3_R5_theta_sigma 	 step_z3_R5_DCV 	 step_z3_R5_DCV_sigma 	 step_z3_R5_decay_ratio 
6.32455532E+0	1.14226181E-5	8.10892724E-9	-1.03583057E-1	1.93969038E-4	0.00000000E+0	0.00000000E+0	-9.53547540E+0
6.79980777E+0	9.88086273E-6	9.88048787E-8	-2.45122889E-1	1.84921997E-2	0.00000000E+0	0.00000000E+0	-9.60801639E+0
7.41648866E+0	7.99469319E-6	7.86402378E-8	-2.60729870E-1	9.87969901E-3	0.00000000E+0	0.00000000E+0	-9.73302687E+0
7.89174111E+0	7.21518535E-6	4.39739090E-8	-4.70364647E-1	6.71334944E-3	0.00000000E+0	0.00000000E+0	-9.77350589E+0
8.36699356E+0	5.74753315E-6	2.15829618E-8	-5.71435893E-1	8.17164962E-3	0.00000000E+0	0.00000000E+0	-9.94244518E+0
8.84224602E+0	5.50175355E-6	2.19704931E-8	-6.09172568E-1	5.44283979E-3	0.00000000E+0	0.00000000E+0	-9.93090277E+0
9.31749847E+0	4.27374970E-6	6.36243882E-8	-5.90381345E-1	2.00457247E-3	0.00000000E+0	0.00000000E+0	-1.01311248E+1
9.79275092E+0	3.51314826E-6	6.88616038E-8	-7.12108432E-1	1.05695835E-2	0.00000000E+0	0.00000000E+0	-1.02773556E+1
1.03680046E+1	3.89054569E-6	3.25133323E-8	-8.71767752E-1	3.40026322E-3	0.00000000E+0	0.00000000E+0	-1.01182365E+1
1.08432571E+1	3.37112732E-6	5.60890840E-8	-7.68028284E-1	7.33303321E-3	0.00000000E+0	0.00000000E+0	-1.02167199E+1
1.13185095E+1	2.85635483E-6	4.05836269E-8	-1.28719147E+0	5.53993500E-3	0.00000000E+0	0.00000000E+0	-1.03395249E+1
1.17937620E+1	2.31138454E-6	6.62681795E-9	-1.19850102E+0	3.42757687E-3	0.00000000E+0	0.00000000E+0	-1.05100931E+1
1.23506645E+1	2.36433477E-6	1.92414994E-8	-1.09667481E+0	6.40637625E-3	0.00000000E+0	0.00000000E+0	-1.04413040E+1
1.28259170E+1	1.77520415E-6	7.64103276E-8	-1.37693140E+0	8.06405807E-3	0.00000000E+0	0.00000000E+0	-1.06901272E+1
1.33011695E+1	1.86848784E-6	5.05610792E-8	-1.30216125E+0	1.76970614E-2	0.00000000E+0	0.00000000E+0	-1.06025291E+1
1.37764219E+1	1.18797639E-6	1.28209090E-8	-1.98502690E+0	1.01191212E-2	0.00000000E+0	0.00000000E+0	-1.10203006E+1
1.43223853E+1	1.43242599E-6	2.18730827E-8	-1.45081606E+0	2.52065615E-2	0.00000000E+0	0.00000000E+0	-1.07943173E+1
1.47976377E+1	1.18513652E-6	8.86704161E-9	-1.41037860E+0	7.52217811E-3	0.00000000E+0	0.00000000E+0	-1.09511850E+1
1.52728902E+1	1.11802219E-6	4.69428226E-8	-1.53517086E+0	1.45581841E-2	0.00000000E+0	0.00000000E+0	-1.09778700E+1
1.57481426E+1	4.58232562E-7	4.39241884E-8	-1.75699121E+0	9.35417423E-3	0.00000000E+0	0.00000000E+0	-1.18391666E+1


---------------------------------sample information------------------------------------
サンプル名	step_z3_R5
試料厚	2.65000000E+1
熱拡散率(位相)	7.37792493E-8
熱拡散率(振幅)	6.40401217E-8
ヒーター印加電圧	1.50000000E+0
切片	9.34747333E-1
Y position	0.00000000E+0
z_pos 3