R3_zm3_10step_sqrt_TW_freq 	 R3_zm3_10step_amp 	 R3_zm3_10step_amp_sigma 	 R3_zm3_10step_theta 	 R3_zm3_10step_theta_sigma 	 R3_zm3_10step_DCV 	 R3_zm3_10step_DCV_sigma 	 R3_zm3_10step_decay_ratio 
5.47722558E+0	5.49501229E-6	2.36402059E-7	-2.98553726E+0	1.16483477E-2	0.00000000E+0	0.00000000E+0	-1.04110710E+1
6.57468406E+0	1.07482440E-5	2.38523385E-7	-2.95040604E+0	1.18043031E-2	0.00000000E+0	0.00000000E+0	-9.55754164E+0
7.81357097E+0	3.57152421E-4	1.02631151E-5	2.93845118E+0	2.91676209E-4	0.00000000E+0	0.00000000E+0	-5.88148583E+0
8.91102946E+0	3.61402063E-4	2.06747177E-7	2.77587312E+0	3.31440828E-5	0.00000000E+0	0.00000000E+0	-5.73822970E+0
1.01084892E+1	2.68981337E-4	3.73888914E-8	2.58334876E+0	6.98206837E-4	0.00000000E+0	0.00000000E+0	-5.90749298E+0
1.12059477E+1	2.08419011E-4	2.63957232E-7	2.44924819E+0	2.68242731E-4	0.00000000E+0	0.00000000E+0	-6.05951535E+0
1.23850563E+1	1.57841313E-4	4.51471562E-8	2.26316125E+0	1.56076266E-3	0.00000000E+0	0.00000000E+0	-6.23742977E+0
1.34825148E+1	1.22136488E-4	1.49578475E-7	2.10162663E+0	1.46973762E-3	0.00000000E+0	0.00000000E+0	-6.40897774E+0
1.46506841E+1	9.52133462E-5	2.38264766E-7	1.92239723E+0	2.23070282E-4	0.00000000E+0	0.00000000E+0	-6.57490340E+0
1.57481426E+1	6.09117254E-5	1.21987567E-6	1.75618129E+0	9.79021811E-4	0.00000000E+0	0.00000000E+0	-6.94936244E+0


---------------------------------sample information------------------------------------
ÉTÉìÉvÉãñº	R3_zm3_10step
ééóøå˙	2.65000000E+1
îMägéUó¶(à ëä)	8.96460242E-8
îMägéUó¶(êUïù)	3.38417250E-8
ÉqÅ[É^Å[àÛâ¡ìdà≥	5.00000000E+0
êÿï–	-2.07262699E+0
Y position	0.00000000E+0
