R3_zm3_10step_40to260_sqrt_TW_freq 	 R3_zm3_10step_40to260_amp 	 R3_zm3_10step_40to260_amp_sigma 	 R3_zm3_10step_40to260_theta 	 R3_zm3_10step_40to260_theta_sigma 	 R3_zm3_10step_40to260_DCV 	 R3_zm3_10step_40to260_DCV_sigma 	 R3_zm3_10step_40to260_decay_ratio 
6.32455532E+0	7.21351178E-4	5.29581852E-7	-3.08688194E+0	7.10933532E-5	0.00000000E+0	0.00000000E+0	-5.38994474E+0
7.50408639E+0	5.18868587E-4	2.21105382E-7	3.01374168E+0	4.37939369E-4	0.00000000E+0	0.00000000E+0	-5.54841219E+0
8.54218904E+0	3.94504903E-4	9.21982938E-8	2.84154877E+0	1.53572481E-4	0.00000000E+0	0.00000000E+0	-5.69286169E+0
9.58029168E+0	3.04070062E-4	7.61198335E-8	2.68638917E+0	1.22656372E-4	0.00000000E+0	0.00000000E+0	-5.83854438E+0
1.07183956E+1	2.31861884E-4	9.71048083E-8	2.53281091E+0	1.65212514E-4	0.00000000E+0	0.00000000E+0	-5.99740721E+0
1.17564982E+1	1.81642494E-4	9.67918782E-9	2.38225238E+0	9.86530896E-5	0.00000000E+0	0.00000000E+0	-6.14906399E+0
1.28762510E+1	1.42235323E-4	6.79952273E-8	2.22711450E+0	1.84113198E-4	0.00000000E+0	0.00000000E+0	-6.30264306E+0
1.39143536E+1	1.14451531E-4	2.67052139E-8	2.08858214E+0	3.18186426E-4	0.00000000E+0	0.00000000E+0	-6.44243819E+0
1.50231672E+1	9.10010504E-5	9.42681693E-9	1.93543649E+0	6.36860942E-4	0.00000000E+0	0.00000000E+0	-6.59504602E+0
1.61245155E+1	7.26702160E-5	2.61963482E-8	1.79902138E+0	1.08070007E-3	0.00000000E+0	0.00000000E+0	-6.74923813E+0


---------------------------------sample information------------------------------------
ÉTÉìÉvÉãñº	R3_zm3_10step_40to260
ééóøå˙	2.65000000E+1
îMägéUó¶(à ëä)	1.08963551E-7
îMägéUó¶(êUïù)	1.13973705E-7
ÉqÅ[É^Å[àÛâ¡ìdà≥	5.00000000E+0
êÿï–	-2.21401218E+0
Y position	0.00000000E+0
