R3_zm3_80step_20to300_sqrt_TW_freq 	 R3_zm3_80step_20to300_amp 	 R3_zm3_80step_20to300_amp_sigma 	 R3_zm3_80step_20to300_theta 	 R3_zm3_80step_20to300_theta_sigma 	 R3_zm3_80step_20to300_DCV 	 R3_zm3_80step_20to300_DCV_sigma 	 R3_zm3_80step_20to300_decay_ratio 
4.47213595E+0	1.32783740E-3	5.26462550E-7	-2.72395963E+0	1.25228765E-4	0.00000000E+0	0.00000000E+0	-5.12633754E+0
4.62825748E+0	1.26238102E-3	6.40022549E-8	-2.75776360E+0	6.20974060E-6	0.00000000E+0	0.00000000E+0	-5.14257520E+0
4.78437901E+0	1.19769474E-3	6.36163559E-8	-2.79083031E+0	3.79705276E-5	0.00000000E+0	0.00000000E+0	-5.16200038E+0
4.94050054E+0	1.13630125E-3	4.56823698E-8	-2.82306320E+0	1.98445179E-4	0.00000000E+0	0.00000000E+0	-5.18251016E+0
5.09662206E+0	1.08301436E-3	3.57912022E-8	-2.85503055E+0	6.97517131E-6	0.00000000E+0	0.00000000E+0	-5.19942907E+0
5.25274359E+0	1.02851114E-3	1.36691725E-7	-2.88563077E+0	4.18663730E-5	0.00000000E+0	0.00000000E+0	-5.22089249E+0
5.40886512E+0	9.79197750E-4	9.63950187E-8	-2.91760428E+0	1.09063530E-4	0.00000000E+0	0.00000000E+0	-5.24073765E+0
5.56498665E+0	9.32162968E-4	7.88305246E-8	-2.94852126E+0	1.25147200E-5	0.00000000E+0	0.00000000E+0	-5.26150832E+0
5.72110817E+0	8.87928862E-4	3.97571238E-8	-2.97642673E+0	1.76050056E-4	0.00000000E+0	0.00000000E+0	-5.28245641E+0
5.87722970E+0	8.47015385E-4	1.36685743E-8	-3.00568986E+0	5.28659994E-5	0.00000000E+0	0.00000000E+0	-5.30270619E+0
6.03335123E+0	8.07863138E-4	7.60531734E-8	-3.03489397E+0	3.38617120E-5	0.00000000E+0	0.00000000E+0	-5.32381528E+0
6.18947275E+0	7.70296433E-4	3.21656176E-8	-3.06183937E+0	1.14278234E-4	0.00000000E+0	0.00000000E+0	-5.34588523E+0
6.34559428E+0	7.36749695E-4	3.92907551E-8	-3.09056931E+0	1.79268358E-5	0.00000000E+0	0.00000000E+0	-5.36550159E+0
6.50171581E+0	7.02500051E-4	2.24516173E-8	-3.11760573E+0	1.91241219E-5	0.00000000E+0	0.00000000E+0	-5.38879897E+0
6.65783734E+0	6.71756247E-4	8.70063358E-9	3.13829494E+0	1.08476516E-5	0.00000000E+0	0.00000000E+0	-5.40982030E+0
6.81395886E+0	6.42512711E-4	2.32896156E-8	3.11230424E+0	2.44644294E-5	0.00000000E+0	0.00000000E+0	-5.43115068E+0
6.97008039E+0	6.14517163E-4	1.07996271E-8	3.08722205E+0	4.89774652E-5	0.00000000E+0	0.00000000E+0	-5.45304694E+0
7.26763035E+0	5.62720495E-4	2.80052586E-9	3.03731746E+0	6.57363299E-5	0.00000000E+0	0.00000000E+0	-5.49929722E+0
7.42375187E+0	5.35776716E-4	6.47713897E-8	3.01756562E+0	5.49290111E-5	0.00000000E+0	0.00000000E+0	-5.52710849E+0
7.57987340E+0	5.19454785E-4	3.18973117E-8	2.99686211E+0	3.91591331E-5	0.00000000E+0	0.00000000E+0	-5.53723429E+0
7.73599493E+0	4.98224227E-4	5.62709656E-9	2.96918394E+0	2.47857960E-4	0.00000000E+0	0.00000000E+0	-5.55857622E+0
7.89211645E+0	4.78829610E-4	1.59443010E-8	2.94222172E+0	1.75628469E-5	0.00000000E+0	0.00000000E+0	-5.57830140E+0
8.04823798E+0	4.58303952E-4	9.24771821E-8	2.91976928E+0	4.67250333E-5	0.00000000E+0	0.00000000E+0	-5.60252476E+0
8.20435951E+0	4.40856762E-4	1.93277486E-8	2.89349490E+0	2.73332919E-4	0.00000000E+0	0.00000000E+0	-5.62212488E+0
8.36048104E+0	4.22671299E-4	5.82096278E-8	2.86800198E+0	2.47975182E-5	0.00000000E+0	0.00000000E+0	-5.64539979E+0
8.51660256E+0	4.05239035E-4	3.93181160E-8	2.84592018E+0	3.03214293E-5	0.00000000E+0	0.00000000E+0	-5.66901596E+0
8.67272409E+0	3.90138727E-4	3.81001883E-8	2.82225607E+0	1.14560451E-5	0.00000000E+0	0.00000000E+0	-5.68882523E+0
8.82884562E+0	3.74642989E-4	2.24563738E-8	2.79762948E+0	1.75215759E-4	0.00000000E+0	0.00000000E+0	-5.71151274E+0
8.98496714E+0	3.60369809E-4	2.86530520E-9	2.77533232E+0	2.17722033E-4	0.00000000E+0	0.00000000E+0	-5.73282694E+0
9.14108867E+0	3.45195746E-4	2.03029924E-8	2.75145657E+0	2.85079263E-4	0.00000000E+0	0.00000000E+0	-5.75861943E+0
9.29721020E+0	3.32849439E-4	4.34328792E-8	2.72963106E+0	1.11573475E-4	0.00000000E+0	0.00000000E+0	-5.77810593E+0
9.45333173E+0	3.19356067E-4	1.23160390E-7	2.70928055E+0	2.41537311E-4	0.00000000E+0	0.00000000E+0	-5.80283664E+0
9.60945325E+0	3.08288662E-4	4.33096309E-8	2.68244399E+0	2.24699158E-4	0.00000000E+0	0.00000000E+0	-5.82172667E+0
9.76557478E+0	2.96290948E-4	7.78868563E-9	2.66208723E+0	1.63229921E-5	0.00000000E+0	0.00000000E+0	-5.84530523E+0
9.92169631E+0	2.85612997E-4	6.48294022E-9	2.63805200E+0	9.91520485E-5	0.00000000E+0	0.00000000E+0	-5.86614892E+0
1.01778191E+1	2.67767743E-4	5.24857245E-8	2.60006012E+0	3.40475019E-5	0.00000000E+0	0.00000000E+0	-5.90517983E+0
1.03339406E+1	2.57238285E-4	3.48171794E-8	2.57749131E+0	7.22287958E-5	0.00000000E+0	0.00000000E+0	-5.93007404E+0
1.04900621E+1	2.44946833E-4	9.70787699E-8	2.56903268E+0	1.74658891E-4	0.00000000E+0	0.00000000E+0	-5.96404103E+0
1.06461837E+1	2.40587312E-4	6.87441748E-8	2.54892513E+0	1.49439090E-5	0.00000000E+0	0.00000000E+0	-5.96722601E+0
1.08023052E+1	2.31939716E-4	3.17623637E-8	2.52194874E+0	1.00819756E-4	0.00000000E+0	0.00000000E+0	-5.98927351E+0
1.09584267E+1	2.23762513E-4	8.96289482E-9	2.49680040E+0	1.39370887E-4	0.00000000E+0	0.00000000E+0	-6.01081655E+0
1.11145482E+1	2.16487692E-4	6.56954696E-9	2.47257178E+0	1.53474179E-4	0.00000000E+0	0.00000000E+0	-6.02972196E+0
1.12706698E+1	2.09447062E-4	2.97722628E-8	2.45466868E+0	1.45337773E-5	0.00000000E+0	0.00000000E+0	-6.04883578E+0
1.14267913E+1	2.01774316E-4	5.14755459E-8	2.43047692E+0	2.89268873E-4	0.00000000E+0	0.00000000E+0	-6.07240002E+0
1.15829128E+1	1.94402724E-4	3.79886680E-8	2.40911037E+0	1.75244348E-4	0.00000000E+0	0.00000000E+0	-6.09604767E+0
1.17390344E+1	1.86880873E-4	2.83932501E-8	2.38927746E+0	9.80210601E-5	0.00000000E+0	0.00000000E+0	-6.12211963E+0
1.18951559E+1	1.81224581E-4	4.33686937E-8	2.36527718E+0	6.33016659E-5	0.00000000E+0	0.00000000E+0	-6.13964227E+0
1.20512774E+1	1.74770085E-4	6.01070902E-8	2.34739740E+0	3.66366091E-4	0.00000000E+0	0.00000000E+0	-6.16286858E+0
1.22890490E+1	1.65949086E-4	9.04151267E-8	2.31134572E+0	3.68015162E-4	0.00000000E+0	0.00000000E+0	-6.19512098E+0
1.24451706E+1	1.59804997E-4	6.08017520E-9	2.28751032E+0	7.79474047E-5	0.00000000E+0	0.00000000E+0	-6.22022361E+0
1.26012921E+1	1.54821331E-4	1.66498601E-8	2.27064068E+0	8.58721559E-5	0.00000000E+0	0.00000000E+0	-6.23943945E+0
1.27574136E+1	1.49400907E-4	1.59926285E-8	2.24646137E+0	2.69011805E-4	0.00000000E+0	0.00000000E+0	-6.26276465E+0
1.29135352E+1	1.45259639E-4	2.32640237E-8	2.22711320E+0	2.34762558E-4	0.00000000E+0	0.00000000E+0	-6.27871180E+0
1.30696567E+1	1.40120583E-4	7.57907918E-9	2.21010027E+0	3.38912410E-4	0.00000000E+0	0.00000000E+0	-6.30271394E+0
1.32257782E+1	1.35115572E-4	2.24272525E-8	2.18183516E+0	2.07230127E-4	0.00000000E+0	0.00000000E+0	-6.32721224E+0
1.33818997E+1	1.30999520E-4	2.56783881E-8	2.16665309E+0	1.61441613E-4	0.00000000E+0	0.00000000E+0	-6.34641387E+0
1.35380213E+1	1.26592052E-4	2.17934754E-8	2.14116865E+0	3.66258868E-4	0.00000000E+0	0.00000000E+0	-6.36903871E+0
1.36941428E+1	1.21828503E-4	6.20053964E-8	2.11554894E+0	3.18781799E-4	0.00000000E+0	0.00000000E+0	-6.39592801E+0
1.38502643E+1	1.18990578E-4	4.86050626E-8	2.09671664E+0	3.50845820E-4	0.00000000E+0	0.00000000E+0	-6.40816193E+0
1.40063858E+1	1.14806380E-4	5.36748335E-8	2.07604337E+0	5.49695118E-4	0.00000000E+0	0.00000000E+0	-6.43275014E+0
1.42332183E+1	1.09146924E-4	2.45381502E-8	2.03905062E+0	3.41471479E-4	0.00000000E+0	0.00000000E+0	-6.46723711E+0
1.43893398E+1	1.04958495E-4	7.63482606E-8	2.02689820E+0	1.25007612E-4	0.00000000E+0	0.00000000E+0	-6.49545793E+0
1.45454613E+1	1.00999300E-4	1.99733134E-8	2.00889451E+0	4.38696466E-5	0.00000000E+0	0.00000000E+0	-6.52311796E+0
1.47015829E+1	9.95883538E-5	2.31847435E-8	1.98414932E+0	3.04468129E-4	0.00000000E+0	0.00000000E+0	-6.52651016E+0
1.48577044E+1	9.55012265E-5	7.25718255E-8	1.96021448E+0	3.13525246E-4	0.00000000E+0	0.00000000E+0	-6.55785292E+0
1.50138259E+1	9.37759131E-5	2.89251382E-8	1.94271279E+0	2.18547497E-4	0.00000000E+0	0.00000000E+0	-6.56563102E+0
1.51699474E+1	8.92674867E-5	4.97395510E-8	1.92144182E+0	2.87690523E-4	0.00000000E+0	0.00000000E+0	-6.60455690E+0
1.53260690E+1	8.76346753E-5	2.04147858E-8	1.90412023E+0	4.06156652E-4	0.00000000E+0	0.00000000E+0	-6.61277857E+0
1.54821905E+1	8.52887692E-5	4.92352978E-8	1.87838176E+0	5.56734503E-4	0.00000000E+0	0.00000000E+0	-6.62977741E+0
1.56383120E+1	8.15630604E-5	9.71828686E-9	1.85438759E+0	1.67504388E-4	0.00000000E+0	0.00000000E+0	-6.66441029E+0
1.58576792E+1	7.89833068E-5	4.62700944E-8	1.81440853E+0	1.02328415E-3	0.00000000E+0	0.00000000E+0	-6.68262016E+0
1.60138008E+1	7.60440292E-5	2.11118562E-8	1.81184615E+0	1.04709537E-3	0.00000000E+0	0.00000000E+0	-6.71074716E+0
1.61699223E+1	7.35711670E-5	1.48436872E-8	1.77810717E+0	3.99138535E-4	0.00000000E+0	0.00000000E+0	-6.73410449E+0
1.63260438E+1	7.12544129E-5	6.58964606E-8	1.75730227E+0	3.20098511E-4	0.00000000E+0	0.00000000E+0	-6.75649219E+0
1.64821653E+1	6.94724219E-5	3.68300233E-9	1.74087127E+0	1.04475711E-3	0.00000000E+0	0.00000000E+0	-6.77230178E+0
1.66382869E+1	6.71872748E-5	6.33445550E-9	1.72231702E+0	1.89456467E-4	0.00000000E+0	0.00000000E+0	-6.79632021E+0
1.67944084E+1	6.52325351E-5	5.36174983E-8	1.69490714E+0	1.47761574E-4	0.00000000E+0	0.00000000E+0	-6.81650621E+0
1.69505299E+1	6.30894681E-5	3.65385884E-8	1.67410263E+0	7.79948517E-5	0.00000000E+0	0.00000000E+0	-6.84065761E+0
1.71066514E+1	6.12147308E-5	2.17935975E-9	1.65812182E+0	1.24500197E-3	0.00000000E+0	0.00000000E+0	-6.86165534E+0
1.72627730E+1	5.91999185E-5	4.34267489E-8	1.64110713E+0	7.16584364E-4	0.00000000E+0	0.00000000E+0	-6.88603806E+0


---------------------------------sample information------------------------------------
ÉTÉìÉvÉãñº	R3_zm3_80step_20to300
ééóøå˙	2.65000000E+1
îMägéUó¶(à ëä)	1.03725067E-7
îMägéUó¶(êUïù)	1.14704392E-7
ÉqÅ[É^Å[àÛâ¡ìdà≥	5.00000000E+0
êÿï–	-2.16491609E+0
Y position	0.00000000E+0
