R3_zm10_15step_10to260_sqrt_TW_freq 	 R3_zm10_15step_10to260_amp 	 R3_zm10_15step_10to260_amp_sigma 	 R3_zm10_15step_10to260_theta 	 R3_zm10_15step_10to260_theta_sigma 	 R3_zm10_15step_10to260_DCV 	 R3_zm10_15step_10to260_DCV_sigma 	 R3_zm10_15step_10to260_decay_ratio 
3.16227766E+0	3.22479120E-6	2.61700851E-7	2.16816659E+0	1.67214128E-2	0.00000000E+0	0.00000000E+0	-1.14933498E+1
4.05550634E+0	3.01420009E-6	9.95755641E-8	-1.90508288E+0	8.00788996E-2	0.00000000E+0	0.00000000E+0	-1.13121005E+1
4.94873501E+0	1.26698615E-6	5.05710184E-8	-2.11622993E+0	3.81979086E-2	0.00000000E+0	0.00000000E+0	-1.19797376E+1
5.84196369E+0	6.79021882E-7	1.33682159E-7	-1.32124781E+0	1.36368725E-1	0.00000000E+0	0.00000000E+0	-1.24375455E+1
6.73519237E+0	6.64365415E-7	4.48899519E-8	2.55963767E+0	2.37783436E-1	0.00000000E+0	0.00000000E+0	-1.23170871E+1
7.76984947E+0	2.25341204E-6	1.74528213E-7	2.78297681E+0	5.75310143E-2	0.00000000E+0	0.00000000E+0	-1.09528142E+1
8.66307815E+0	6.26620734E-7	1.44359314E-7	2.57426607E+0	1.98248430E-1	0.00000000E+0	0.00000000E+0	-1.21238543E+1
9.55630682E+0	1.24107762E-6	1.23273089E-8	-3.02937223E+0	6.19276876E-2	0.00000000E+0	0.00000000E+0	-1.13423292E+1
1.05495367E+1	1.63946541E-5	2.37476677E-6	2.49891942E+0	1.24889372E-3	0.00000000E+0	0.00000000E+0	-8.66247330E+0
1.14427654E+1	5.11941027E-6	9.03119107E-8	2.47626962E+0	1.46799610E-2	0.00000000E+0	0.00000000E+0	-9.74511362E+0
1.24176442E+1	2.06454584E-6	1.21852468E-7	-2.66599148E-1	3.32656713E-2	0.00000000E+0	0.00000000E+0	-1.05714819E+1
1.33108729E+1	1.46861403E-6	5.74661396E-8	2.46649079E+0	4.96104587E-2	0.00000000E+0	0.00000000E+0	-1.08426102E+1
1.42748125E+1	3.05114650E-6	3.99375949E-8	-2.73763029E+0	1.20718498E-2	0.00000000E+0	0.00000000E+0	-1.00414965E+1
1.51680411E+1	1.37402012E-6	9.40783269E-8	1.43546944E+0	1.02076798E-1	0.00000000E+0	0.00000000E+0	-1.07785791E+1
1.61245155E+1	1.91200114E-6	7.50909477E-8	2.63225205E+0	8.74387448E-2	0.00000000E+0	0.00000000E+0	-1.03870193E+1


---------------------------------sample information------------------------------------
ÉTÉìÉvÉãñº	R3_zm10_15step_10to260
ééóøå˙	2.65000000E+1
îMägéUó¶(à ëä)	2.31315295E-8
îMägéUó¶(êUïù)	1.01462190E-7
ÉqÅ[É^Å[àÛâ¡ìdà≥	5.00000000E+0
êÿï–	-1.23495507E-1
Y position	0.00000000E+0
