R3_zm5_10step_10to260_sqrt_TW_freq 	 R3_zm5_10step_10to260_amp 	 R3_zm5_10step_10to260_amp_sigma 	 R3_zm5_10step_10to260_theta 	 R3_zm5_10step_10to260_theta_sigma 	 R3_zm5_10step_10to260_DCV 	 R3_zm5_10step_10to260_DCV_sigma 	 R3_zm5_10step_10to260_decay_ratio 
3.16227766E+0	5.38405036E-5	2.68694525E-7	-2.37108935E+0	3.86645822E-3	0.00000000E+0	0.00000000E+0	-8.67819197E+0
4.55174449E+0	5.23791780E-5	6.09572660E-8	-2.75073206E+0	2.93480661E-3	0.00000000E+0	0.00000000E+0	-8.34149085E+0
5.94121132E+0	6.51611707E-5	7.24925904E-7	-2.99300768E+0	4.99041937E-3	0.00000000E+0	0.00000000E+0	-7.85673377E+0
7.47210658E+0	7.64744922E-5	1.02732757E-6	3.04290958E+0	5.43221750E-3	0.00000000E+0	0.00000000E+0	-7.46737634E+0
8.86157341E+0	4.05851422E-5	3.53450586E-7	2.82652889E+0	9.37839706E-3	0.00000000E+0	0.00000000E+0	-7.93038418E+0
1.03510415E+1	3.47839946E-5	5.61023363E-8	2.64595611E+0	1.13471026E-3	0.00000000E+0	0.00000000E+0	-7.92926606E+0
1.17405083E+1	2.30597718E-5	9.38040933E-8	2.37158746E+0	2.20830045E-3	0.00000000E+0	0.00000000E+0	-8.21437583E+0
1.32116253E+1	1.32061583E-5	2.36325730E-7	2.12408646E+0	5.09650123E-4	0.00000000E+0	0.00000000E+0	-8.65373016E+0
1.46718030E+1	9.76582675E-6	2.80558942E-8	1.93727019E+0	1.19382594E-2	0.00000000E+0	0.00000000E+0	-8.85069384E+0
1.61245155E+1	7.09614181E-6	3.64040144E-8	1.75875761E+0	1.26801618E-2	0.00000000E+0	0.00000000E+0	-9.07561851E+0


---------------------------------sample information------------------------------------
ÉTÉìÉvÉãñº	R3_zm5_10step_10to260
ééóøå˙	2.65000000E+1
îMägéUó¶(à ëä)	8.41730087E-8
îMägéUó¶(êUïù)	6.93812423E-7
ÉqÅ[É^Å[àÛâ¡ìdà≥	5.00000000E+0
êÿï–	-1.98337633E+0
Y position	0.00000000E+0
