R3_zm2_20step_20to300_sqrt_TW_freq 	 R3_zm2_20step_20to300_amp 	 R3_zm2_20step_20to300_amp_sigma 	 R3_zm2_20step_20to300_theta 	 R3_zm2_20step_20to300_theta_sigma 	 R3_zm2_20step_20to300_DCV 	 R3_zm2_20step_20to300_DCV_sigma 	 R3_zm2_20step_20to300_decay_ratio 
4.47213595E+0	2.46779530E-4	2.87234293E-7	-2.72310663E+0	3.30107301E-5	0.00000000E+0	0.00000000E+0	-6.80914907E+0
5.12127283E+0	2.00869812E-4	1.74528640E-7	-2.85227036E+0	2.43130684E-4	0.00000000E+0	0.00000000E+0	-6.87945055E+0
5.77040971E+0	1.63626754E-4	9.36149658E-8	-3.00120879E+0	9.32971827E-4	0.00000000E+0	0.00000000E+0	-6.96517953E+0
6.41954658E+0	1.38627961E-4	7.59351639E-8	-3.09478526E+0	1.19659147E-3	0.00000000E+0	0.00000000E+0	-7.02436926E+0
7.21011189E+0	1.72135109E-4	1.81615328E-5	3.04148858E+0	5.55130756E-4	0.00000000E+0	0.00000000E+0	-6.69174640E+0
7.85924876E+0	4.40542652E-4	9.94013777E-8	2.95499354E+0	2.41734016E-4	0.00000000E+0	0.00000000E+0	-5.66581227E+0
8.50838564E+0	3.70568631E-4	6.81201604E-8	2.85358143E+0	6.19534666E-5	0.00000000E+0	0.00000000E+0	-5.75941967E+0
9.15752252E+0	3.22764056E-4	7.42603072E-8	2.75482784E+0	1.28902915E-5	0.00000000E+0	0.00000000E+0	-5.82401331E+0
9.80665939E+0	2.74778021E-4	4.01119760E-8	2.66266170E+0	3.51717787E-4	0.00000000E+0	0.00000000E+0	-5.91648530E+0
1.05557975E+1	2.27467118E-4	6.07205620E-8	2.56947410E+0	6.44187993E-5	0.00000000E+0	0.00000000E+0	-6.03182963E+0
1.12049344E+1	1.98471517E-4	6.36781138E-8	2.46808379E+0	2.97258352E-4	0.00000000E+0	0.00000000E+0	-6.10851071E+0
1.18540713E+1	1.70681161E-4	9.03267624E-8	2.37759509E+0	3.50294535E-4	0.00000000E+0	0.00000000E+0	-6.20304192E+0
1.25848583E+1	1.45768199E-4	9.30003360E-8	2.27898035E+0	7.73534658E-5	0.00000000E+0	0.00000000E+0	-6.30099851E+0
1.32339951E+1	1.27037925E-4	1.33138890E-8	2.18969264E+0	2.03409376E-4	0.00000000E+0	0.00000000E+0	-6.38823599E+0
1.38831320E+1	1.10918425E-4	5.54974182E-8	2.10176820E+0	4.24191619E-4	0.00000000E+0	0.00000000E+0	-6.47604096E+0
1.46029798E+1	9.45484670E-5	2.61997468E-9	2.01003123E+0	1.19985455E-3	0.00000000E+0	0.00000000E+0	-6.58517237E+0
1.52521167E+1	8.34066092E-5	1.14392557E-8	1.90939412E+0	6.34015624E-4	0.00000000E+0	0.00000000E+0	-6.66706471E+0
1.59644992E+1	7.20369889E-5	1.41888690E-8	1.83013507E+0	2.14115662E-5	0.00000000E+0	0.00000000E+0	-6.76796338E+0
1.66136361E+1	6.41766631E-5	3.78931292E-8	1.73819760E+0	1.84577722E-4	0.00000000E+0	0.00000000E+0	-6.84364711E+0
1.72627730E+1	5.65024818E-5	3.08124232E-8	1.65258492E+0	1.71087259E-3	0.00000000E+0	0.00000000E+0	-6.93267366E+0


---------------------------------sample information------------------------------------
ÉTÉìÉvÉãñº	R3_zm2_20step_20to300
ééóøå˙	2.65000000E+1
îMägéUó¶(à ëä)	1.04738376E-7
îMägéUó¶(êUïù)	2.85493323E-5
ÉqÅ[É^Å[àÛâ¡ìdà≥	5.00000000E+0
êÿï–	-2.16328962E+0
Y position	0.00000000E+0
