R3_zm2.5_20step_20to300_sqrt_TW_freq 	 R3_zm2.5_20step_20to300_amp 	 R3_zm2.5_20step_20to300_amp_sigma 	 R3_zm2.5_20step_20to300_theta 	 R3_zm2.5_20step_20to300_theta_sigma 	 R3_zm2.5_20step_20to300_DCV 	 R3_zm2.5_20step_20to300_DCV_sigma 	 R3_zm2.5_20step_20to300_decay_ratio 
4.47213595E+0	1.25321483E-3	2.97525876E-7	-2.71760440E+0	2.32578406E-5	0.00000000E+0	0.00000000E+0	-5.18417703E+0
5.12127283E+0	1.01379243E-3	2.35770664E-7	-2.85412296E+0	7.38572211E-5	0.00000000E+0	0.00000000E+0	-5.26065409E+0
5.77040971E+0	8.25205241E-4	1.12439225E-7	-2.97864865E+0	1.71474379E-4	0.00000000E+0	0.00000000E+0	-5.34713534E+0
6.41954658E+0	6.78618055E-4	7.18521242E-9	-3.09813054E+0	9.30578024E-5	0.00000000E+0	0.00000000E+0	-5.43610461E+0
7.21011189E+0	5.41192779E-4	1.99864500E-8	3.05562953E+0	6.80762362E-5	0.00000000E+0	0.00000000E+0	-5.54625053E+0
7.85924876E+0	4.56240002E-4	6.32244193E-9	2.95732339E+0	3.23699003E-5	0.00000000E+0	0.00000000E+0	-5.63080054E+0
8.50838564E+0	3.83781859E-4	3.56062436E-9	2.85690500E+0	1.74304956E-4	0.00000000E+0	0.00000000E+0	-5.72438402E+0
9.15752252E+0	3.25921378E-4	4.65337521E-8	2.76023813E+0	1.07306048E-4	0.00000000E+0	0.00000000E+0	-5.81427870E+0
9.80665939E+0	2.77145428E-4	4.92008192E-8	2.66798285E+0	1.03330930E-4	0.00000000E+0	0.00000000E+0	-5.90790650E+0
1.05557975E+1	2.28180899E-4	6.94805715E-8	2.56843533E+0	2.68742221E-4	0.00000000E+0	0.00000000E+0	-6.02869659E+0
1.12049344E+1	1.99781476E-4	6.62847591E-8	2.47578268E+0	1.23821482E-4	0.00000000E+0	0.00000000E+0	-6.10193216E+0
1.18540713E+1	1.71625863E-4	2.54734151E-8	2.38125424E+0	8.41529626E-5	0.00000000E+0	0.00000000E+0	-6.19752229E+0
1.25848583E+1	1.46776878E-4	6.41802374E-8	2.29010646E+0	3.08536812E-5	0.00000000E+0	0.00000000E+0	-6.29410260E+0
1.32339951E+1	1.27616761E-4	1.69956340E-9	2.19434109E+0	2.84151245E-4	0.00000000E+0	0.00000000E+0	-6.38368993E+0
1.38831320E+1	1.12186706E-4	4.05163242E-8	2.10845446E+0	2.15648883E-4	0.00000000E+0	0.00000000E+0	-6.46467148E+0
1.46029798E+1	9.57680023E-5	3.03102291E-8	2.02253620E+0	1.18089413E-3	0.00000000E+0	0.00000000E+0	-6.57235633E+0
1.52521167E+1	8.43463956E-5	7.82789521E-8	1.93157758E+0	2.12227606E-4	0.00000000E+0	0.00000000E+0	-6.65586019E+0
1.59644992E+1	7.26997736E-5	8.47446259E-9	1.84138799E+0	2.86279281E-4	0.00000000E+0	0.00000000E+0	-6.75880483E+0
1.66136361E+1	6.29845705E-5	5.67906199E-9	1.75151225E+0	1.59729761E-3	0.00000000E+0	0.00000000E+0	-6.86239696E+0
1.72627730E+1	5.69396378E-5	3.00707433E-8	1.64484106E+0	6.18841612E-4	0.00000000E+0	0.00000000E+0	-6.92496651E+0


---------------------------------sample information------------------------------------
ÉTÉìÉvÉãñº	R3_zm2.5_20step_20to300
ééóøå˙	2.65000000E+1
îMägéUó¶(à ëä)	1.05115323E-7
îMägéUó¶(êUïù)	1.15712731E-7
ÉqÅ[É^Å[àÛâ¡ìdà≥	5.00000000E+0
êÿï–	-2.15923589E+0
Y position	0.00000000E+0
