R3_zm05_20step_20to300_sqrt_TW_freq 	 R3_zm05_20step_20to300_amp 	 R3_zm05_20step_20to300_amp_sigma 	 R3_zm05_20step_20to300_theta 	 R3_zm05_20step_20to300_theta_sigma 	 R3_zm05_20step_20to300_DCV 	 R3_zm05_20step_20to300_DCV_sigma 	 R3_zm05_20step_20to300_decay_ratio 
4.47213595E+0	1.20713649E-6	9.78509296E-8	-1.67330217E+0	1.37707239E-1	0.00000000E+0	0.00000000E+0	-1.21293934E+1
5.12127283E+0	4.37930676E-7	2.10053432E-7	8.48913858E-1	4.71026775E-1	0.00000000E+0	0.00000000E+0	-1.30078022E+1
5.77040971E+0	2.30052018E-6	1.21511877E-7	-1.34044525E+0	2.81723521E-2	0.00000000E+0	0.00000000E+0	-1.12296322E+1
6.41954658E+0	1.97057698E-6	1.59211243E-7	-2.18958718E+0	2.19236658E+0	0.00000000E+0	0.00000000E+0	-1.12778367E+1
7.21011189E+0	2.31933864E-6	2.34846697E-8	2.25858881E+0	1.31001597E-2	0.00000000E+0	0.00000000E+0	-1.09987440E+1
7.85924876E+0	1.65186311E-6	1.31920018E-7	2.53903966E+0	6.35977375E-2	0.00000000E+0	0.00000000E+0	-1.12519157E+1
8.50838564E+0	8.21665407E-7	4.35339692E-8	2.56822752E+0	7.27655924E-2	0.00000000E+0	0.00000000E+0	-1.18708803E+1
9.15752252E+0	1.42933092E-6	4.32398080E-8	2.21477947E+0	2.13947261E-2	0.00000000E+0	0.00000000E+0	-1.12437284E+1
9.80665939E+0	2.04346809E-6	4.55074628E-8	1.24671067E+0	4.46756970E-2	0.00000000E+0	0.00000000E+0	-1.08178005E+1
1.05557975E+1	3.22014182E-6	9.67920885E-8	2.66613739E+0	5.21594696E-2	0.00000000E+0	0.00000000E+0	-1.02894099E+1
1.12049344E+1	1.89539110E-6	7.55090849E-8	2.56683068E+0	9.18091765E-2	0.00000000E+0	0.00000000E+0	-1.07597311E+1
1.18540713E+1	9.81010742E-7	1.48491084E-7	-1.78267369E+0	3.47058866E-2	0.00000000E+0	0.00000000E+0	-1.13620111E+1
1.25848583E+1	1.40298885E-6	5.60287068E-8	-2.16430679E-1	1.70915480E-1	0.00000000E+0	0.00000000E+0	-1.09444113E+1
1.32339951E+1	2.74328152E-6	1.17800484E-7	2.07495439E+0	9.48255705E-2	0.00000000E+0	0.00000000E+0	-1.02235668E+1
1.38831320E+1	2.18298590E-6	2.52574080E-8	2.40196025E+0	2.97686022E-2	0.00000000E+0	0.00000000E+0	-1.04041424E+1
1.46029798E+1	3.99866013E-6	9.24951433E-8	2.44704652E+0	5.22083282E-3	0.00000000E+0	0.00000000E+0	-9.74832562E+0
1.52521167E+1	2.23155709E-6	1.65829809E-7	1.95028480E+0	4.98512149E-3	0.00000000E+0	0.00000000E+0	-1.02880927E+1
1.59644992E+1	2.41033540E-6	1.86441087E-8	1.87255922E+0	2.65601711E-2	0.00000000E+0	0.00000000E+0	-1.01653772E+1
1.66136361E+1	1.15428600E-6	1.12299109E-7	9.31689432E-1	1.56835299E-2	0.00000000E+0	0.00000000E+0	-1.08618048E+1
1.72627730E+1	1.14875140E-6	1.51774182E-7	1.36810531E+0	9.70753565E-2	0.00000000E+0	0.00000000E+0	-1.08282826E+1


---------------------------------sample information------------------------------------
ÉTÉìÉvÉãñº	R3_zm05_20step_20to300
ééóøå˙	2.65000000E+1
îMägéUó¶(à ëä)	1.39689449E-8
îMägéUó¶(êUïù)	1.18818772E-7
ÉqÅ[É^Å[àÛâ¡ìdà≥	5.00000000E+0
êÿï–	-5.38006401E+0
Y position	0.00000000E+0
