R3_zm1_20step_20to300_sqrt_TW_freq 	 R3_zm1_20step_20to300_amp 	 R3_zm1_20step_20to300_amp_sigma 	 R3_zm1_20step_20to300_theta 	 R3_zm1_20step_20to300_theta_sigma 	 R3_zm1_20step_20to300_DCV 	 R3_zm1_20step_20to300_DCV_sigma 	 R3_zm1_20step_20to300_decay_ratio 
4.47213595E+0	2.66263296E-5	1.57060490E-7	-2.74483881E+0	4.73067767E-3	0.00000000E+0	0.00000000E+0	-9.03574386E+0
5.12127283E+0	2.28706411E-5	1.81937554E-7	-2.82688146E+0	3.08896117E-3	0.00000000E+0	0.00000000E+0	-9.05225351E+0
5.77040971E+0	1.93989936E-5	4.08631815E-8	-2.99734758E+0	3.52757589E-3	0.00000000E+0	0.00000000E+0	-9.09754628E+0
6.41954658E+0	1.56280178E-5	1.65185956E-7	-3.11574026E+0	1.24348505E-2	0.00000000E+0	0.00000000E+0	-9.20709775E+0
7.21011189E+0	1.61659470E-5	1.08585438E-7	2.93314019E+0	8.89339906E-3	0.00000000E+0	0.00000000E+0	-9.05711910E+0
7.85924876E+0	1.40867505E-5	6.85941453E-8	2.86991950E+0	3.98135736E-3	0.00000000E+0	0.00000000E+0	-9.10858486E+0
8.50838564E+0	1.26221081E-5	1.39126714E-7	2.79530897E+0	2.16619100E-2	0.00000000E+0	0.00000000E+0	-9.13900844E+0
9.15752252E+0	7.81084914E-6	1.19652587E-8	2.91405132E+0	1.62828184E-2	0.00000000E+0	0.00000000E+0	-9.54542120E+0
9.80665939E+0	6.33252093E-6	1.34223672E-7	2.62064044E+0	1.79840282E-2	0.00000000E+0	0.00000000E+0	-9.68675046E+0
1.05557975E+1	6.92965089E-6	1.47718429E-7	2.73449907E+0	5.34871554E-3	0.00000000E+0	0.00000000E+0	-9.52302589E+0
1.12049344E+1	6.97689893E-6	1.34542974E-7	2.48104518E+0	1.56731367E-2	0.00000000E+0	0.00000000E+0	-9.45655177E+0
1.18540713E+1	1.95618013E-6	1.14691807E-7	2.13962537E+0	6.48879228E-2	0.00000000E+0	0.00000000E+0	-1.06718455E+1
1.25848583E+1	3.64450827E-6	1.76502310E-7	2.38880404E+0	1.52987635E-2	0.00000000E+0	0.00000000E+0	-9.98979474E+0
1.32339951E+1	4.42544855E-6	1.60450954E-7	2.31294637E+0	2.15073041E-2	0.00000000E+0	0.00000000E+0	-9.74535001E+0
1.38831320E+1	5.26548540E-6	1.60291928E-7	2.48095286E+0	2.64825444E-2	0.00000000E+0	0.00000000E+0	-9.52366265E+0
1.46029798E+1	3.25621979E-6	7.14256523E-9	1.60288530E+0	1.75386622E-2	0.00000000E+0	0.00000000E+0	-9.95371801E+0
1.52521167E+1	1.66809551E-6	1.41043987E-7	1.87287994E+0	1.48389508E-2	0.00000000E+0	0.00000000E+0	-1.05791097E+1
1.59644992E+1	1.69585610E-6	1.85716460E-7	1.71129578E+0	7.63572007E-2	0.00000000E+0	0.00000000E+0	-1.05169554E+1
1.66136361E+1	2.42246132E-6	1.82994940E-8	2.07544180E+0	5.43672271E-3	0.00000000E+0	0.00000000E+0	-1.01205027E+1
1.72627730E+1	2.15714299E-6	1.58082996E-7	1.47709464E+0	8.91397253E-2	0.00000000E+0	0.00000000E+0	-1.01981736E+1


---------------------------------sample information------------------------------------
ÉTÉìÉvÉãñº	R3_zm1_20step_20to300
ééóøå˙	2.65000000E+1
îMägéUó¶(à ëä)	1.07153117E-7
îMägéUó¶(êUïù)	1.70496018E-7
ÉqÅ[É^Å[àÛâ¡ìdà≥	5.00000000E+0
êÿï–	-2.18098161E+0
Y position	0.00000000E+0
