step_z1_R7_sqrt_TW_freq 	 step_z1_R7_amp 	 step_z1_R7_amp_sigma 	 step_z1_R7_theta 	 step_z1_R7_theta_sigma 	 step_z1_R7_DCV 	 step_z1_R7_DCV_sigma 	 step_z1_R7_decay_ratio 
6.32455532E+0	4.03735393E-5	2.25933188E-8	3.09716753E+0	5.04073793E-4	0.00000000E+0	0.00000000E+0	-8.27289623E+0
6.79980777E+0	3.50156267E-5	2.92636129E-8	3.00309302E+0	1.97561147E-3	0.00000000E+0	0.00000000E+0	-8.34282178E+0
7.41648866E+0	2.90188469E-5	3.63130841E-8	2.90827633E+0	1.07354953E-3	0.00000000E+0	0.00000000E+0	-8.44385933E+0
7.89174111E+0	2.52902922E-5	3.94287544E-8	2.80012523E+0	3.92802533E-3	0.00000000E+0	0.00000000E+0	-8.51927316E+0
8.36699356E+0	2.28123199E-5	8.97724866E-8	2.64741550E+0	1.80555176E-3	0.00000000E+0	0.00000000E+0	-8.56391519E+0
8.84224602E+0	2.03261386E-5	3.49649059E-8	2.61167995E+0	8.34321203E-3	0.00000000E+0	0.00000000E+0	-8.62406197E+0
9.31749847E+0	1.74306704E-5	2.41243679E-8	2.57122434E+0	1.24246706E-3	0.00000000E+0	0.00000000E+0	-8.72538505E+0
9.79275092E+0	1.54603605E-5	3.85927808E-8	2.47431631E+0	6.93615979E-4	0.00000000E+0	0.00000000E+0	-8.79558879E+0
1.03680046E+1	1.21947574E-5	5.44186196E-8	2.39067354E+0	8.29416403E-3	0.00000000E+0	0.00000000E+0	-8.97577983E+0
1.08432571E+1	1.21455566E-5	8.71690539E-9	2.32429276E+0	5.61743167E-3	0.00000000E+0	0.00000000E+0	-8.93500375E+0
1.13185095E+1	1.04743689E-5	8.78257430E-8	2.31749471E+0	1.27456277E-2	0.00000000E+0	0.00000000E+0	-9.04013994E+0
1.17937620E+1	9.20847072E-6	3.74577621E-8	2.17051748E+0	5.53743510E-3	0.00000000E+0	0.00000000E+0	-9.12781602E+0
1.23506645E+1	8.40205958E-6	5.53192639E-8	2.08165757E+0	5.61916410E-3	0.00000000E+0	0.00000000E+0	-9.17332382E+0
1.28259170E+1	7.57459078E-6	4.34536094E-8	1.98029630E+0	1.45204562E-2	0.00000000E+0	0.00000000E+0	-9.23924334E+0
1.33011695E+1	6.04541846E-6	3.81243580E-8	1.96408951E+0	1.56832316E-3	0.00000000E+0	0.00000000E+0	-9.42835789E+0
1.37764219E+1	6.07121642E-6	1.31087295E-7	1.84421746E+0	1.42797161E-2	0.00000000E+0	0.00000000E+0	-9.38899300E+0
1.43223853E+1	5.93481374E-6	9.54313703E-8	1.88203131E+0	1.42283937E-2	0.00000000E+0	0.00000000E+0	-9.37285120E+0
1.47976377E+1	4.37474691E-6	2.41387292E-8	1.63200109E+0	1.71697465E-2	0.00000000E+0	0.00000000E+0	-9.64519433E+0
1.52728902E+1	4.08196904E-6	4.87923175E-8	1.89554051E+0	1.59483061E-2	0.00000000E+0	0.00000000E+0	-9.68285171E+0
1.57481426E+1	3.62693944E-6	5.41153805E-8	1.59796583E+0	3.27406593E-2	0.00000000E+0	0.00000000E+0	-9.77039896E+0


---------------------------------sample information------------------------------------
サンプル名	step_z1_R7
試料厚	2.65000000E+1
熱拡散率(位相)	9.61417980E-8
熱拡散率(振幅)	9.08820498E-8
ヒーター印加電圧	1.50000000E+0
切片	3.98716027E+0
Y position	0.00000000E+0
z_pos 1