step_z2_R7_sqrt_TW_freq 	 step_z2_R7_amp 	 step_z2_R7_amp_sigma 	 step_z2_R7_theta 	 step_z2_R7_theta_sigma 	 step_z2_R7_DCV 	 step_z2_R7_DCV_sigma 	 step_z2_R7_decay_ratio 
6.32455532E+0	3.61563036E-5	1.05990000E-7	3.06099160E+0	1.91547401E-3	0.00000000E+0	0.00000000E+0	-8.38321953E+0
6.79980777E+0	2.97380715E-5	1.51689593E-7	2.94083946E+0	1.91486134E-3	0.00000000E+0	0.00000000E+0	-8.50618812E+0
7.41648866E+0	2.52838458E-5	1.29182980E-7	2.80808663E+0	1.54592474E-3	0.00000000E+0	0.00000000E+0	-8.58163916E+0
7.89174111E+0	2.22463377E-5	6.08066637E-8	2.72864994E+0	2.02108797E-3	0.00000000E+0	0.00000000E+0	-8.64751638E+0
8.36699356E+0	1.85235823E-5	2.03645066E-7	2.58333203E+0	3.80057894E-3	0.00000000E+0	0.00000000E+0	-8.77217129E+0
8.84224602E+0	1.71478800E-5	1.39852536E-8	2.56679807E+0	7.28715424E-4	0.00000000E+0	0.00000000E+0	-8.79409509E+0
9.31749847E+0	1.57847526E-5	1.02980620E-7	2.50333428E+0	1.74372510E-3	0.00000000E+0	0.00000000E+0	-8.82457192E+0
9.79275092E+0	1.25451582E-5	4.97218313E-8	2.37090378E+0	4.14301178E-3	0.00000000E+0	0.00000000E+0	-9.00453336E+0
1.03680046E+1	1.09614618E-5	4.14750081E-8	2.22717382E+0	8.71638986E-3	0.00000000E+0	0.00000000E+0	-9.08240032E+0
1.08432571E+1	9.20886345E-6	6.42663709E-8	2.22801793E+0	3.36396335E-3	0.00000000E+0	0.00000000E+0	-9.21180070E+0
1.13185095E+1	8.37276875E-6	1.81585234E-8	2.16908893E+0	2.56622452E-3	0.00000000E+0	0.00000000E+0	-9.26408654E+0
1.17937620E+1	7.13967187E-6	9.91759834E-8	1.91838182E+0	6.66790089E-3	0.00000000E+0	0.00000000E+0	-9.38227299E+0
1.23506645E+1	5.80812875E-6	5.14460460E-8	1.88005835E+0	6.07540191E-3	0.00000000E+0	0.00000000E+0	-9.54254224E+0
1.28259170E+1	5.61049935E-6	6.13499834E-8	2.15983701E+0	7.14614577E-3	0.00000000E+0	0.00000000E+0	-9.53940294E+0
1.33011695E+1	5.22272237E-6	2.22630645E-8	1.71855176E+0	3.85856039E-3	0.00000000E+0	0.00000000E+0	-9.57463980E+0
1.37764219E+1	4.18634146E-6	2.78285193E-8	1.72476758E+0	2.55969633E-2	0.00000000E+0	0.00000000E+0	-9.76072479E+0
1.43223853E+1	3.19498255E-6	1.62801288E-8	1.93412165E+0	1.44041460E-2	0.00000000E+0	0.00000000E+0	-9.99210521E+0
1.47976377E+1	2.83050247E-6	8.06351051E-8	1.53738194E+0	1.74392964E-2	0.00000000E+0	0.00000000E+0	-1.00805888E+1
1.52728902E+1	2.97628055E-6	4.48926435E-8	1.43575772E+0	2.94845560E-2	0.00000000E+0	0.00000000E+0	-9.99875680E+0
1.57481426E+1	2.25345887E-6	4.66742937E-8	1.29643664E+0	2.93613410E-2	0.00000000E+0	0.00000000E+0	-1.02463218E+1


---------------------------------sample information------------------------------------
サンプル名	step_z2_R7
試料厚	2.65000000E+1
熱拡散率(位相)	7.72546957E-8
熱拡散率(振幅)	5.91634899E-8
ヒーター印加電圧	1.50000000E+0
切片	4.06093207E+0
Y position	0.00000000E+0
z_pos 2