step_z0_R7_sqrt_TW_freq 	 step_z0_R7_amp 	 step_z0_R7_amp_sigma 	 step_z0_R7_theta 	 step_z0_R7_theta_sigma 	 step_z0_R7_DCV 	 step_z0_R7_DCV_sigma 	 step_z0_R7_decay_ratio 
6.32455532E+0	4.65340345E-5	1.27838705E-7	-3.08547763E+0	1.96724893E-3	0.00000000E+0	0.00000000E+0	-8.13088686E+0
6.79980777E+0	4.12685894E-5	4.23029311E-8	3.12455967E+0	3.73004478E-3	0.00000000E+0	0.00000000E+0	-8.17851455E+0
7.41648866E+0	3.43865006E-5	1.24049348E-7	3.02682066E+0	4.84452751E-5	0.00000000E+0	0.00000000E+0	-8.27414078E+0
7.89174111E+0	3.11349266E-5	5.23414427E-8	2.99628186E+0	8.78712617E-4	0.00000000E+0	0.00000000E+0	-8.31136354E+0
8.36699356E+0	2.68106299E-5	2.56886092E-8	2.85755351E+0	5.19184548E-4	0.00000000E+0	0.00000000E+0	-8.40241748E+0
8.84224602E+0	2.19436498E-5	1.71096450E-7	2.78839530E+0	6.88468559E-4	0.00000000E+0	0.00000000E+0	-8.54749184E+0
9.31749847E+0	2.08482465E-5	3.66922750E-8	2.71786035E+0	2.31796911E-3	0.00000000E+0	0.00000000E+0	-8.54634652E+0
9.79275092E+0	1.88472747E-5	1.89023394E-8	2.62916634E+0	3.34172757E-3	0.00000000E+0	0.00000000E+0	-8.59749982E+0
1.03680046E+1	1.57823091E-5	4.46417456E-8	2.50962461E+0	7.14927227E-3	0.00000000E+0	0.00000000E+0	-8.71789634E+0
1.08432571E+1	1.44003633E-5	6.77810975E-8	2.55324392E+0	2.51211896E-3	0.00000000E+0	0.00000000E+0	-8.76471370E+0
1.13185095E+1	1.31269735E-5	1.50371792E-7	2.40183432E+0	2.63295721E-3	0.00000000E+0	0.00000000E+0	-8.81440200E+0
1.17937620E+1	1.13619354E-5	5.83152857E-8	2.37116417E+0	1.88614352E-3	0.00000000E+0	0.00000000E+0	-8.91767104E+0
1.23506645E+1	1.06498028E-5	9.65300461E-8	2.25574761E+0	9.48435379E-4	0.00000000E+0	0.00000000E+0	-8.93625931E+0
1.28259170E+1	9.29250220E-6	1.02125750E-7	2.34489673E+0	2.40308728E-3	0.00000000E+0	0.00000000E+0	-9.03483481E+0
1.33011695E+1	8.49609527E-6	2.04357969E-8	2.11627073E+0	4.96001234E-3	0.00000000E+0	0.00000000E+0	-9.08805192E+0
1.37764219E+1	8.39765749E-6	7.15423617E-8	2.06430229E+0	1.09014772E-2	0.00000000E+0	0.00000000E+0	-9.06459919E+0
1.43223853E+1	6.72816536E-6	6.05353710E-8	1.87286974E+0	1.46816577E-3	0.00000000E+0	0.00000000E+0	-9.24738434E+0
1.47976377E+1	6.72546324E-6	4.01775728E-8	1.90389764E+0	5.74557982E-3	0.00000000E+0	0.00000000E+0	-9.21514220E+0
1.52728902E+1	5.18826359E-6	1.26929587E-7	1.82264215E+0	1.68731927E-2	0.00000000E+0	0.00000000E+0	-9.44303211E+0
1.57481426E+1	4.52749387E-6	1.88885638E-8	1.97043459E+0	3.67606132E-3	0.00000000E+0	0.00000000E+0	-9.54861957E+0


---------------------------------sample information------------------------------------
サンプル名	step_z0_R7
試料厚	2.65000000E+1
熱拡散率(位相)	1.02402259E-7
熱拡散率(振幅)	1.11753889E-7
ヒーター印加電圧	1.50000000E+0
切片	-2.18155024E+0
Y position	0.00000000E+0
z_pos 0