step_zm1_R7_sqrt_TW_freq 	 step_zm1_R7_amp 	 step_zm1_R7_amp_sigma 	 step_zm1_R7_theta 	 step_zm1_R7_theta_sigma 	 step_zm1_R7_DCV 	 step_zm1_R7_DCV_sigma 	 step_zm1_R7_decay_ratio 
6.32455532E+0	4.76918887E-5	1.15487392E-7	-3.06298045E+0	7.74367424E-4	0.00000000E+0	0.00000000E+0	-8.10630950E+0
6.79980777E+0	4.14951164E-5	1.13664843E-8	3.13335849E+0	6.38953128E-4	0.00000000E+0	0.00000000E+0	-8.17304047E+0
7.41648866E+0	3.50967969E-5	1.25792714E-8	3.01193298E+0	2.16863388E-4	0.00000000E+0	0.00000000E+0	-8.25369497E+0
7.89174111E+0	3.13603936E-5	9.08195130E-8	2.96058664E+0	3.82001910E-3	0.00000000E+0	0.00000000E+0	-8.30414803E+0
8.36699356E+0	2.76629506E-5	4.61547251E-8	2.85769488E+0	3.72151948E-4	0.00000000E+0	0.00000000E+0	-8.37112194E+0
8.84224602E+0	2.51667325E-5	7.49952321E-8	2.79397722E+0	1.17200268E-3	0.00000000E+0	0.00000000E+0	-8.41044666E+0
9.31749847E+0	2.26168730E-5	4.99717607E-9	2.73500742E+0	3.91636491E-3	0.00000000E+0	0.00000000E+0	-8.46492015E+0
9.79275092E+0	1.85896339E-5	9.54856102E-8	2.64760924E+0	3.04708814E-3	0.00000000E+0	0.00000000E+0	-8.61126404E+0
1.03680046E+1	1.71595008E-5	5.87755404E-8	2.57613255E+0	5.43588726E-3	0.00000000E+0	0.00000000E+0	-8.63423397E+0
1.08432571E+1	1.44199579E-5	1.62687834E-8	2.61509615E+0	3.73893526E-3	0.00000000E+0	0.00000000E+0	-8.76335393E+0
1.13185095E+1	1.40214288E-5	1.02159097E-7	2.45561771E+0	5.16188597E-3	0.00000000E+0	0.00000000E+0	-8.74848437E+0
1.17937620E+1	1.21167585E-5	8.58667611E-8	2.36848601E+0	4.95926919E-4	0.00000000E+0	0.00000000E+0	-8.85335032E+0
1.23506645E+1	1.04064615E-5	4.56057134E-8	2.34406580E+0	7.62680194E-3	0.00000000E+0	0.00000000E+0	-8.95937378E+0
1.28259170E+1	9.50879918E-6	3.78431118E-8	2.30937057E+0	5.43297522E-3	0.00000000E+0	0.00000000E+0	-9.01182507E+0
1.33011695E+1	7.41465106E-6	6.98793988E-8	2.26605110E+0	2.60087703E-3	0.00000000E+0	0.00000000E+0	-9.22420068E+0
1.37764219E+1	8.39536640E-6	8.14311060E-8	2.16117860E+0	3.26989173E-3	0.00000000E+0	0.00000000E+0	-9.06487205E+0
1.43223853E+1	7.64374713E-6	8.75371628E-8	1.98441555E+0	2.75807289E-3	0.00000000E+0	0.00000000E+0	-9.11979890E+0
1.47976377E+1	6.95540413E-6	6.26655540E-8	1.86345316E+0	8.57616414E-3	0.00000000E+0	0.00000000E+0	-9.18152407E+0
1.52728902E+1	5.15043605E-6	2.17621526E-8	1.91081593E+0	2.71385747E-3	0.00000000E+0	0.00000000E+0	-9.45034980E+0
1.57481426E+1	4.16026581E-6	1.75076227E-8	1.76074816E+0	8.91325686E-3	0.00000000E+0	0.00000000E+0	-9.63320916E+0


---------------------------------sample information------------------------------------
サンプル名	step_zm1_R7
試料厚	2.65000000E+1
熱拡散率(位相)	1.03738932E-7
熱拡散率(振幅)	1.03217556E-7
ヒーター印加電圧	1.50000000E+0
切片	-2.16952916E+0
Y position	0.00000000E+0
z_pos -1