step_z1_R1.5_sqrt_TW_freq 	 step_z1_R1.5_amp 	 step_z1_R1.5_amp_sigma 	 step_z1_R1.5_theta 	 step_z1_R1.5_theta_sigma 	 step_z1_R1.5_DCV 	 step_z1_R1.5_DCV_sigma 	 step_z1_R1.5_decay_ratio 
6.32455532E+0	3.01825462E-5	1.01061001E-7	2.98996265E+0	2.46218067E-3	0.00000000E+0	0.00000000E+0	-8.56380701E+0
6.79980777E+0	2.61347797E-5	2.34550502E-8	2.90514126E+0	1.39406393E-3	0.00000000E+0	0.00000000E+0	-8.63534923E+0
7.41648866E+0	2.22888992E-5	1.17841034E-8	2.75500184E+0	1.67031124E-3	0.00000000E+0	0.00000000E+0	-8.70771608E+0
7.89174111E+0	1.82240703E-5	3.66749469E-8	2.69292221E+0	3.35760894E-3	0.00000000E+0	0.00000000E+0	-8.84695051E+0
8.36699356E+0	1.62502213E-5	1.24210987E-8	2.58285885E+0	3.04365150E-3	0.00000000E+0	0.00000000E+0	-8.90310940E+0
8.84224602E+0	1.43993890E-5	5.70124618E-9	2.51072669E+0	1.94898539E-3	0.00000000E+0	0.00000000E+0	-8.96878387E+0
9.31749847E+0	1.27601818E-5	1.84842413E-8	2.47119068E+0	3.36192922E-3	0.00000000E+0	0.00000000E+0	-9.03728684E+0
9.79275092E+0	1.10149239E-5	6.11019577E-8	2.32306418E+0	6.33376924E-4	0.00000000E+0	0.00000000E+0	-9.13461708E+0
1.03680046E+1	9.54701932E-6	3.14594289E-8	2.25767282E+0	9.89024831E-4	0.00000000E+0	0.00000000E+0	-9.22055698E+0
1.08432571E+1	8.03696129E-6	3.90844275E-8	2.15287783E+0	2.09850902E-3	0.00000000E+0	0.00000000E+0	-9.34791608E+0
1.13185095E+1	7.22992133E-6	2.44532325E-8	2.08115497E+0	5.81898005E-3	0.00000000E+0	0.00000000E+0	-9.41084301E+0
1.17937620E+1	6.10225003E-6	3.71849937E-8	2.08533748E+0	2.42794569E-3	0.00000000E+0	0.00000000E+0	-9.53928225E+0
1.23506645E+1	5.62372946E-6	3.79458221E-8	1.90975267E+0	5.34344857E-3	0.00000000E+0	0.00000000E+0	-9.57480564E+0
1.28259170E+1	5.51111913E-6	1.90704228E-8	1.94155390E+0	6.94960325E-3	0.00000000E+0	0.00000000E+0	-9.55727496E+0
1.33011695E+1	4.93316138E-6	3.12224665E-8	1.89586549E+0	1.87611685E-2	0.00000000E+0	0.00000000E+0	-9.63167856E+0
1.37764219E+1	3.86233039E-6	4.00875796E-8	1.67839600E+0	6.03850795E-3	0.00000000E+0	0.00000000E+0	-9.84128126E+0
1.43223853E+1	3.30946055E-6	2.40097373E-8	1.73056906E+0	1.31906205E-2	0.00000000E+0	0.00000000E+0	-9.95690164E+0
1.47976377E+1	3.38680491E-6	5.53241020E-8	1.64572115E+0	6.96962154E-3	0.00000000E+0	0.00000000E+0	-9.90115603E+0
1.52728902E+1	2.91946358E-6	1.54614102E-8	1.64296756E+0	4.92928831E-3	0.00000000E+0	0.00000000E+0	-1.00180313E+1
1.57481426E+1	2.49946325E-6	1.88563329E-8	1.45770173E+0	1.04105009E-2	0.00000000E+0	0.00000000E+0	-1.01427121E+1


---------------------------------sample information------------------------------------
サンプル名	step_z1_R1.5
試料厚	2.65000000E+1
熱拡散率(位相)	9.28700381E-8
熱拡散率(振幅)	8.07171034E-8
ヒーター印加電圧	1.50000000E+0
切片	3.89227058E+0
Y position	0.00000000E+0
