step_zm3_R1.5_sqrt_TW_freq 	 step_zm3_R1.5_amp 	 step_zm3_R1.5_amp_sigma 	 step_zm3_R1.5_theta 	 step_zm3_R1.5_theta_sigma 	 step_zm3_R1.5_DCV 	 step_zm3_R1.5_DCV_sigma 	 step_zm3_R1.5_decay_ratio 
6.32455532E+0	4.29141997E-5	7.24916973E-8	-3.07231976E+0	5.85462659E-4	0.00000000E+0	0.00000000E+0	-8.21186807E+0
6.79980777E+0	3.73502322E-5	6.36362714E-8	3.09123411E+0	1.63916688E-3	0.00000000E+0	0.00000000E+0	-8.27827709E+0
7.41648866E+0	3.07742339E-5	1.97739927E-8	2.98125717E+0	1.35963597E-3	0.00000000E+0	0.00000000E+0	-8.38512706E+0
7.89174111E+0	2.74595819E-5	1.72233597E-8	2.89953096E+0	1.37384601E-3	0.00000000E+0	0.00000000E+0	-8.43697860E+0
8.36699356E+0	2.34399471E-5	2.45759844E-8	2.81888968E+0	4.40632114E-3	0.00000000E+0	0.00000000E+0	-8.53677422E+0
8.84224602E+0	2.08173765E-5	3.48231074E-8	2.79005894E+0	1.64563702E-3	0.00000000E+0	0.00000000E+0	-8.60018159E+0
9.31749847E+0	1.86881159E-5	7.72844876E-9	2.68032876E+0	6.76054553E-4	0.00000000E+0	0.00000000E+0	-8.65572856E+0
9.79275092E+0	1.66602618E-5	2.12647044E-8	2.61043099E+0	5.84805906E-3	0.00000000E+0	0.00000000E+0	-8.72084180E+0
1.03680046E+1	1.44313433E-5	4.64567720E-8	2.52700302E+0	8.34705856E-3	0.00000000E+0	0.00000000E+0	-8.80738351E+0
1.08432571E+1	1.26534800E-5	5.20971634E-8	2.48373579E+0	8.67861432E-3	0.00000000E+0	0.00000000E+0	-8.89403486E+0
1.13185095E+1	1.12546824E-5	2.14603082E-8	2.39036040E+0	2.54455525E-3	0.00000000E+0	0.00000000E+0	-8.96828690E+0
1.17937620E+1	1.02383400E-5	5.03380608E-8	2.32960067E+0	4.04265006E-3	0.00000000E+0	0.00000000E+0	-9.02180032E+0
1.23506645E+1	8.95990804E-6	6.91720292E-8	2.32217656E+0	1.84597910E-3	0.00000000E+0	0.00000000E+0	-9.10904072E+0
1.28259170E+1	7.86184679E-6	1.86348593E-8	2.15412355E+0	6.85014057E-3	0.00000000E+0	0.00000000E+0	-9.20202113E+0
1.33011695E+1	6.83151371E-6	5.01510218E-8	2.04497179E+0	4.76223148E-3	0.00000000E+0	0.00000000E+0	-9.30611232E+0
1.37764219E+1	6.24792663E-6	1.85790904E-8	2.09075006E+0	6.06534477E-4	0.00000000E+0	0.00000000E+0	-9.36030232E+0
1.43223853E+1	5.67840534E-6	3.11137171E-8	1.95716619E+0	1.20597023E-3	0.00000000E+0	0.00000000E+0	-9.41701640E+0
1.47976377E+1	5.19424839E-6	6.79333417E-9	1.87052255E+0	5.51508317E-3	0.00000000E+0	0.00000000E+0	-9.47349107E+0
1.52728902E+1	4.98540482E-6	3.09529301E-8	1.79844144E+0	5.26191524E-3	0.00000000E+0	0.00000000E+0	-9.48291658E+0
1.57481426E+1	4.05517461E-6	6.10340359E-8	1.72541963E+0	2.17689738E-3	0.00000000E+0	0.00000000E+0	-9.65879438E+0


---------------------------------sample information------------------------------------
サンプル名	step_zm3_R1.5
試料厚	2.65000000E+1
熱拡散率(位相)	9.65344477E-8
熱拡散率(振幅)	9.79308457E-8
ヒーター印加電圧	1.50000000E+0
切片	-2.17030043E+0
Y position	0.00000000E+0
