step_z0_R1.5_sqrt_TW_freq 	 step_z0_R1.5_amp 	 step_z0_R1.5_amp_sigma 	 step_z0_R1.5_theta 	 step_z0_R1.5_theta_sigma 	 step_z0_R1.5_DCV 	 step_z0_R1.5_DCV_sigma 	 step_z0_R1.5_decay_ratio 
6.32455532E+0	3.95110114E-5	4.90837761E-9	-3.11527557E+0	3.79497353E-3	0.00000000E+0	0.00000000E+0	-8.29449143E+0
6.79980777E+0	3.36037094E-5	1.05324563E-7	3.06159484E+0	5.09107342E-3	0.00000000E+0	0.00000000E+0	-8.38397976E+0
7.41648866E+0	2.95127600E-5	3.76667300E-8	2.94252407E+0	2.10534892E-3	0.00000000E+0	0.00000000E+0	-8.42698213E+0
7.89174111E+0	2.56889092E-5	6.55333592E-8	2.87174236E+0	2.31975321E-3	0.00000000E+0	0.00000000E+0	-8.50363442E+0
8.36699356E+0	2.24285117E-5	2.39512339E-8	2.78268062E+0	4.92450581E-4	0.00000000E+0	0.00000000E+0	-8.58088294E+0
8.84224602E+0	1.94407784E-5	4.17803539E-9	2.71757874E+0	2.18246571E-3	0.00000000E+0	0.00000000E+0	-8.66859680E+0
9.31749847E+0	1.78239506E-5	3.64904094E-8	2.66486941E+0	3.19834153E-3	0.00000000E+0	0.00000000E+0	-8.70307328E+0
9.79275092E+0	1.46725031E-5	1.08301062E-7	2.53545451E+0	4.62858456E-3	0.00000000E+0	0.00000000E+0	-8.84789294E+0
1.03680046E+1	1.36149118E-5	2.35887945E-8	2.49053455E+0	6.49444184E-3	0.00000000E+0	0.00000000E+0	-8.86562032E+0
1.08432571E+1	1.14533145E-5	8.45208405E-8	2.41733233E+0	2.34058525E-3	0.00000000E+0	0.00000000E+0	-8.99368798E+0
1.13185095E+1	1.06317787E-5	4.44244789E-9	2.34577985E+0	9.58417630E-4	0.00000000E+0	0.00000000E+0	-9.02522365E+0
1.17937620E+1	9.04482996E-6	2.14405358E-8	2.21396527E+0	4.87521508E-3	0.00000000E+0	0.00000000E+0	-9.14574649E+0
1.23506645E+1	8.61694871E-6	2.56167541E-8	2.18556365E+0	4.09059495E-3	0.00000000E+0	0.00000000E+0	-9.14806964E+0
1.28259170E+1	7.03771322E-6	1.57398401E-8	2.13246417E+0	4.76439332E-3	0.00000000E+0	0.00000000E+0	-9.31275938E+0
1.33011695E+1	6.38378602E-6	9.09011925E-9	1.98854318E+0	4.42240238E-3	0.00000000E+0	0.00000000E+0	-9.37389726E+0
1.37764219E+1	5.79980329E-6	1.36252125E-8	1.99204572E+0	6.38678105E-3	0.00000000E+0	0.00000000E+0	-9.43472798E+0
1.43223853E+1	5.23331177E-6	7.09080281E-9	1.92043590E+0	2.21784405E-3	0.00000000E+0	0.00000000E+0	-9.49864254E+0
1.47976377E+1	4.89821393E-6	4.27285550E-8	1.84748999E+0	9.28417050E-3	0.00000000E+0	0.00000000E+0	-9.53217237E+0
1.52728902E+1	4.18777118E-6	4.63159208E-8	1.83289610E+0	3.81075754E-3	0.00000000E+0	0.00000000E+0	-9.65726253E+0
1.57481426E+1	3.43443229E-6	5.09227558E-9	1.89790426E+0	5.92172944E-3	0.00000000E+0	0.00000000E+0	-9.82493649E+0


---------------------------------sample information------------------------------------
サンプル名	step_z0_R1.5
試料厚	2.65000000E+1
熱拡散率(位相)	1.05133107E-7
熱拡散率(振幅)	9.11144733E-8
ヒーター印加電圧	1.50000000E+0
切片	-2.27859700E+0
Y position	0.00000000E+0
