step_zm1_R1.5_sqrt_TW_freq 	 step_zm1_R1.5_amp 	 step_zm1_R1.5_amp_sigma 	 step_zm1_R1.5_theta 	 step_zm1_R1.5_theta_sigma 	 step_zm1_R1.5_DCV 	 step_zm1_R1.5_DCV_sigma 	 step_zm1_R1.5_decay_ratio 
6.32455532E+0	4.18964543E-5	7.49892680E-8	-3.10606794E+0	1.51447648E-3	0.00000000E+0	0.00000000E+0	-8.23586963E+0
6.79980777E+0	3.57142814E-5	3.67789147E-8	3.08395974E+0	3.04625034E-3	0.00000000E+0	0.00000000E+0	-8.32306557E+0
7.41648866E+0	2.98772384E-5	3.63526728E-8	2.98259820E+0	7.36945464E-4	0.00000000E+0	0.00000000E+0	-8.41470791E+0
7.89174111E+0	2.71533819E-5	3.43196369E-8	2.88535185E+0	2.74726060E-3	0.00000000E+0	0.00000000E+0	-8.44819217E+0
8.36699356E+0	2.26912732E-5	8.40271447E-8	2.84078630E+0	9.19593489E-4	0.00000000E+0	0.00000000E+0	-8.56923552E+0
8.84224602E+0	2.08348052E-5	1.04393200E-8	2.72711852E+0	3.34212651E-3	0.00000000E+0	0.00000000E+0	-8.59934472E+0
9.31749847E+0	1.82331764E-5	2.59171474E-8	2.65286568E+0	4.13277726E-4	0.00000000E+0	0.00000000E+0	-8.68037356E+0
9.79275092E+0	1.62484917E-5	5.70105736E-8	2.61324766E+0	2.35372425E-3	0.00000000E+0	0.00000000E+0	-8.74586806E+0
1.03680046E+1	1.38827088E-5	6.19463625E-8	2.52998133E+0	5.66202637E-3	0.00000000E+0	0.00000000E+0	-8.84614188E+0
1.08432571E+1	1.22929305E-5	5.51677476E-8	2.42258411E+0	2.11944597E-3	0.00000000E+0	0.00000000E+0	-8.92294280E+0
1.13185095E+1	1.13891664E-5	1.90160707E-8	2.32847180E+0	3.37431197E-3	0.00000000E+0	0.00000000E+0	-8.95640857E+0
1.17937620E+1	9.37509045E-6	6.39023010E-8	2.31017926E+0	9.35738538E-4	0.00000000E+0	0.00000000E+0	-9.10988359E+0
1.23506645E+1	8.91161524E-6	3.15956977E-8	2.19732929E+0	6.35327768E-3	0.00000000E+0	0.00000000E+0	-9.11444518E+0
1.28259170E+1	7.43425316E-6	6.87775677E-8	2.23541501E+0	2.66291124E-3	0.00000000E+0	0.00000000E+0	-9.25794454E+0
1.33011695E+1	6.20837274E-6	2.20834187E-8	2.05892829E+0	1.61941048E-3	0.00000000E+0	0.00000000E+0	-9.40175978E+0
1.37764219E+1	6.52223274E-6	7.16734129E-8	2.06701737E+0	8.60885044E-3	0.00000000E+0	0.00000000E+0	-9.31733522E+0
1.43223853E+1	4.77749167E-6	5.14063971E-8	2.01754167E+0	7.78500215E-3	0.00000000E+0	0.00000000E+0	-9.58977119E+0
1.47976377E+1	5.19815570E-6	5.28531487E-9	1.81242105E+0	4.55536124E-3	0.00000000E+0	0.00000000E+0	-9.47273911E+0
1.52728902E+1	4.38238751E-6	3.76785053E-8	1.82621705E+0	3.07767765E-3	0.00000000E+0	0.00000000E+0	-9.61183752E+0
1.57481426E+1	4.34477218E-6	5.49405777E-9	1.83011994E+0	1.87936251E-3	0.00000000E+0	0.00000000E+0	-9.58981480E+0


---------------------------------sample information------------------------------------
サンプル名	step_zm1_R1.5
試料厚	2.65000000E+1
熱拡散率(位相)	1.03765543E-7
熱拡散率(振幅)	9.48487955E-8
ヒーター印加電圧	1.50000000E+0
切片	-2.23856383E+0
Y position	0.00000000E+0
