step_zm2_R1.5_sqrt_TW_freq 	 step_zm2_R1.5_amp 	 step_zm2_R1.5_amp_sigma 	 step_zm2_R1.5_theta 	 step_zm2_R1.5_theta_sigma 	 step_zm2_R1.5_DCV 	 step_zm2_R1.5_DCV_sigma 	 step_zm2_R1.5_decay_ratio 
6.32455532E+0	4.25142125E-5	1.60370011E-7	-3.08743480E+0	7.34106301E-4	0.00000000E+0	0.00000000E+0	-8.22123240E+0
6.79980777E+0	3.62348579E-5	2.36872072E-8	3.09808405E+0	9.40625073E-5	0.00000000E+0	0.00000000E+0	-8.30859463E+0
7.41648866E+0	2.99789214E-5	4.45254587E-8	2.97877449E+0	7.11969293E-4	0.00000000E+0	0.00000000E+0	-8.41131032E+0
7.89174111E+0	2.77530517E-5	3.93452857E-8	2.90237753E+0	1.19232889E-3	0.00000000E+0	0.00000000E+0	-8.42634797E+0
8.36699356E+0	2.37091120E-5	2.52453350E-8	2.81258762E+0	9.39456949E-4	0.00000000E+0	0.00000000E+0	-8.52535648E+0
8.84224602E+0	2.04945580E-5	1.80121769E-8	2.73079033E+0	1.26011518E-3	0.00000000E+0	0.00000000E+0	-8.61581025E+0
9.31749847E+0	1.87392050E-5	2.20386223E-8	2.68260287E+0	3.16961102E-3	0.00000000E+0	0.00000000E+0	-8.65299852E+0
9.79275092E+0	1.62551923E-5	2.10223469E-8	2.61448351E+0	2.24116631E-3	0.00000000E+0	0.00000000E+0	-8.74545577E+0
1.03680046E+1	1.40618262E-5	9.33183744E-8	2.52727587E+0	2.43196744E-3	0.00000000E+0	0.00000000E+0	-8.83332221E+0
1.08432571E+1	1.21521373E-5	8.28289504E-9	2.45945334E+0	7.25119431E-4	0.00000000E+0	0.00000000E+0	-8.93446208E+0
1.13185095E+1	1.14619574E-5	1.77444527E-8	2.36981084E+0	3.75653030E-4	0.00000000E+0	0.00000000E+0	-8.95003767E+0
1.17937620E+1	9.55353644E-6	4.67821257E-8	2.25444565E+0	8.95284742E-3	0.00000000E+0	0.00000000E+0	-9.09102842E+0
1.23506645E+1	8.83607964E-6	6.94895602E-9	2.23750301E+0	2.68441390E-3	0.00000000E+0	0.00000000E+0	-9.12295739E+0
1.28259170E+1	7.42514486E-6	4.37646463E-8	2.11829751E+0	2.63189656E-3	0.00000000E+0	0.00000000E+0	-9.25917047E+0
1.33011695E+1	7.27323393E-6	5.37722257E-9	2.09725984E+0	1.45397432E-3	0.00000000E+0	0.00000000E+0	-9.24345757E+0
1.37764219E+1	6.48291718E-6	1.49803350E-8	2.03619880E+0	1.67789853E-2	0.00000000E+0	0.00000000E+0	-9.32338139E+0
1.43223853E+1	5.73586071E-6	7.78317795E-8	1.97174609E+0	5.38343034E-3	0.00000000E+0	0.00000000E+0	-9.40694902E+0
1.47976377E+1	5.08695055E-6	3.71775892E-8	1.94147720E+0	1.27825542E-3	0.00000000E+0	0.00000000E+0	-9.49436446E+0
1.52728902E+1	4.99999873E-6	5.36307847E-8	1.88528982E+0	1.50978360E-2	0.00000000E+0	0.00000000E+0	-9.47999353E+0
1.57481426E+1	3.80003241E-6	7.33250698E-8	1.92817398E+0	4.59325005E-3	0.00000000E+0	0.00000000E+0	-9.72377853E+0


---------------------------------sample information------------------------------------
サンプル名	step_zm2_R1.5
試料厚	2.65000000E+1
熱拡散率(位相)	1.09907630E-7
熱拡散率(振幅)	9.82014799E-8
ヒーター印加電圧	1.50000000E+0
切片	-2.27217270E+0
Y position	0.00000000E+0
