step_z2_R1.5_sqrt_TW_freq 	 step_z2_R1.5_amp 	 step_z2_R1.5_amp_sigma 	 step_z2_R1.5_theta 	 step_z2_R1.5_theta_sigma 	 step_z2_R1.5_DCV 	 step_z2_R1.5_DCV_sigma 	 step_z2_R1.5_decay_ratio 
6.32455532E+0	2.66212663E-5	2.43957400E-8	2.92140026E+0	1.27309306E-3	0.00000000E+0	0.00000000E+0	-8.68936045E+0
6.79980777E+0	2.26361630E-5	6.25772246E-8	2.78185469E+0	3.85806887E-3	0.00000000E+0	0.00000000E+0	-8.77906745E+0
7.41648866E+0	1.79357773E-5	3.36546778E-8	2.67107989E+0	1.39298642E-4	0.00000000E+0	0.00000000E+0	-8.92500739E+0
7.89174111E+0	1.45720332E-5	7.26608522E-9	2.62407457E+0	9.57252416E-4	0.00000000E+0	0.00000000E+0	-9.07058962E+0
8.36699356E+0	1.28080044E-5	3.67936039E-8	2.50130515E+0	1.78924707E-3	0.00000000E+0	0.00000000E+0	-9.14114561E+0
8.84224602E+0	1.11474709E-5	8.59870364E-8	2.41653924E+0	1.75301331E-3	0.00000000E+0	0.00000000E+0	-9.22475700E+0
9.31749847E+0	9.09656622E-6	3.43693544E-8	2.27971397E+0	2.62497264E-4	0.00000000E+0	0.00000000E+0	-9.37571937E+0
9.79275092E+0	9.20851181E-6	6.64891232E-8	2.22164313E+0	7.50011431E-4	0.00000000E+0	0.00000000E+0	-9.31373989E+0
1.03680046E+1	7.57009188E-6	1.98576646E-8	2.13740243E+0	5.52157043E-3	0.00000000E+0	0.00000000E+0	-9.45258077E+0
1.08432571E+1	6.14345556E-6	5.25596462E-8	2.07125858E+0	1.36801981E-2	0.00000000E+0	0.00000000E+0	-9.61657976E+0
1.13185095E+1	4.91980691E-6	6.01483931E-8	2.04836895E+0	2.87597327E-3	0.00000000E+0	0.00000000E+0	-9.79580188E+0
1.17937620E+1	4.74670837E-6	4.56155868E-8	1.77406068E+0	3.39405353E-4	0.00000000E+0	0.00000000E+0	-9.79048841E+0
1.23506645E+1	3.62947238E-6	2.49128280E-8	1.87242662E+0	2.02921278E-3	0.00000000E+0	0.00000000E+0	-1.00127134E+1
1.28259170E+1	3.73932605E-6	3.65282290E-9	1.84292288E+0	2.18232746E-2	0.00000000E+0	0.00000000E+0	-9.94513727E+0
1.33011695E+1	2.91702121E-6	4.55766468E-8	1.60889921E+0	8.19689693E-3	0.00000000E+0	0.00000000E+0	-1.01570956E+1
1.37764219E+1	2.76490254E-6	1.86451970E-8	1.75499142E+0	3.65999493E-3	0.00000000E+0	0.00000000E+0	-1.01755466E+1
1.43223853E+1	2.29079791E-6	1.47809368E-8	1.45136251E+0	2.65925589E-2	0.00000000E+0	0.00000000E+0	-1.03247867E+1
1.47976377E+1	1.29731167E-6	3.58351300E-8	1.52032507E+0	3.50261059E-3	0.00000000E+0	0.00000000E+0	-1.08607488E+1
1.52728902E+1	2.03201141E-6	1.21781314E-8	1.27167082E+0	1.09049837E-2	0.00000000E+0	0.00000000E+0	-1.03804050E+1
1.57481426E+1	1.83973765E-6	3.08898989E-8	1.54762809E+0	2.35935013E-2	0.00000000E+0	0.00000000E+0	-1.04491652E+1


---------------------------------sample information------------------------------------
サンプル名	step_z2_R1.5
試料厚	2.65000000E+1
熱拡散率(位相)	8.57873265E-8
熱拡散率(振幅)	5.29744959E-8
ヒーター印加電圧	1.50000000E+0
切片	3.84175359E+0
Y position	0.00000000E+0
