step_zm3_R5_sqrt_TW_freq 	 step_zm3_R5_amp 	 step_zm3_R5_amp_sigma 	 step_zm3_R5_theta 	 step_zm3_R5_theta_sigma 	 step_zm3_R5_DCV 	 step_zm3_R5_DCV_sigma 	 step_zm3_R5_decay_ratio 
6.32455532E+0	1.57222639E-5	3.34925076E-8	9.86478500E-3	8.92774949E-4	0.00000000E+0	0.00000000E+0	-9.21599304E+0
6.79980777E+0	1.41895327E-5	7.54083510E-8	-2.04318398E-2	8.01415138E-3	0.00000000E+0	0.00000000E+0	-9.24611165E+0
7.41648866E+0	1.11618473E-5	5.87705539E-8	-2.05220724E-1	3.62065087E-3	0.00000000E+0	0.00000000E+0	-9.39930337E+0
7.89174111E+0	9.79793270E-6	5.99512537E-8	-1.53210155E-1	1.01780175E-3	0.00000000E+0	0.00000000E+0	-9.46752236E+0
8.36699356E+0	9.70607249E-6	5.33348389E-8	-3.17463200E-1	1.76356903E-3	0.00000000E+0	0.00000000E+0	-9.41846421E+0
8.84224602E+0	8.12979625E-6	5.25494796E-9	-3.10724241E-1	4.76940801E-4	0.00000000E+0	0.00000000E+0	-9.54043378E+0
9.31749847E+0	6.56784724E-6	5.97339581E-8	-4.57579127E-1	8.72776919E-3	0.00000000E+0	0.00000000E+0	-9.70143026E+0
9.79275092E+0	5.92670147E-6	2.84124555E-8	-5.96774440E-1	4.70302283E-3	0.00000000E+0	0.00000000E+0	-9.75440033E+0
1.03680046E+1	5.48289345E-6	5.07229547E-8	-5.37742385E-1	2.82940832E-3	0.00000000E+0	0.00000000E+0	-9.77515301E+0
1.08432571E+1	4.70034483E-6	4.49018412E-8	-7.44708623E-1	1.28295400E-3	0.00000000E+0	0.00000000E+0	-9.88433126E+0
1.13185095E+1	4.48105996E-6	8.06922278E-9	-7.21425329E-1	2.00238084E-3	0.00000000E+0	0.00000000E+0	-9.88921154E+0
1.17937620E+1	3.97759963E-6	3.07308049E-8	-8.75993455E-1	1.54148426E-3	0.00000000E+0	0.00000000E+0	-9.96726128E+0
1.23506645E+1	3.15707208E-6	8.39787093E-9	-7.92704520E-1	4.31229153E-3	0.00000000E+0	0.00000000E+0	-1.01521556E+1
1.28259170E+1	2.89073816E-6	1.64277567E-8	-9.11434191E-1	1.09535921E-2	0.00000000E+0	0.00000000E+0	-1.02025308E+1
1.33011695E+1	3.01513823E-6	5.88048880E-8	-7.94128737E-1	1.44541994E-2	0.00000000E+0	0.00000000E+0	-1.01240129E+1
1.37764219E+1	1.94177928E-6	5.60412055E-9	-1.20677851E+0	5.14087250E-3	0.00000000E+0	0.00000000E+0	-1.05289473E+1
1.43223853E+1	1.41506134E-6	2.56248092E-8	-1.17052491E+0	2.75429192E-2	0.00000000E+0	0.00000000E+0	-1.08065140E+1
1.47976377E+1	2.14410859E-6	2.18129410E-8	-9.42942536E-1	2.23413650E-2	0.00000000E+0	0.00000000E+0	-1.03583191E+1
1.52728902E+1	2.27906092E-6	4.28785798E-8	-1.56917299E+0	5.71433410E-3	0.00000000E+0	0.00000000E+0	-1.02656677E+1
1.57481426E+1	2.22933760E-6	4.98577988E-8	-1.43664624E+0	1.33520208E-2	0.00000000E+0	0.00000000E+0	-1.02570836E+1


---------------------------------sample information------------------------------------
サンプル名	step_zm3_R5
試料厚	2.65000000E+1
熱拡散率(位相)	1.01208682E-7
熱拡散率(振幅)	1.11906448E-7
ヒーター印加電圧	1.50000000E+0
切片	9.47140402E-1
Y position	0.00000000E+0
z_pos -3