step_z3_7_sqrt_TW_freq 	 step_z3_7_amp 	 step_z3_7_amp_sigma 	 step_z3_7_theta 	 step_z3_7_theta_sigma 	 step_z3_7_DCV 	 step_z3_7_DCV_sigma 	 step_z3_7_decay_ratio 
6.32455532E+0	3.32767663E-5	3.90063324E-8	3.00544707E+0	9.99925774E-4	0.00000000E+0	0.00000000E+0	-8.46621138E+0
6.79980777E+0	2.86798129E-5	1.02129169E-7	2.89593413E+0	2.50552156E-3	0.00000000E+0	0.00000000E+0	-8.54242272E+0
7.41648866E+0	2.31758999E-5	1.81699834E-8	2.79094038E+0	3.33710541E-3	0.00000000E+0	0.00000000E+0	-8.66869190E+0
7.89174111E+0	2.05256252E-5	1.00546873E-7	2.73843119E+0	4.71679140E-4	0.00000000E+0	0.00000000E+0	-8.72801966E+0
8.36699356E+0	1.79231532E-5	8.01255798E-8	2.58605610E+0	1.34117500E-3	0.00000000E+0	0.00000000E+0	-8.80512258E+0
8.84224602E+0	1.47034618E-5	5.51682123E-8	2.55859270E+0	1.22039094E-3	0.00000000E+0	0.00000000E+0	-8.94788668E+0
9.31749847E+0	1.32573441E-5	1.67867156E-8	2.41651382E+0	5.43913996E-3	0.00000000E+0	0.00000000E+0	-8.99906470E+0
9.79275092E+0	1.06915997E-5	9.55990570E-8	2.37175000E+0	4.22652552E-3	0.00000000E+0	0.00000000E+0	-9.16440979E+0
1.03680046E+1	8.43186426E-6	1.45919097E-7	2.23752083E+0	9.78301400E-3	0.00000000E+0	0.00000000E+0	-9.34476808E+0
1.08432571E+1	8.22970870E-6	6.26827532E-8	2.18151517E+0	7.68379118E-3	0.00000000E+0	0.00000000E+0	-9.32421652E+0
1.13185095E+1	6.47210251E-6	1.10832997E-8	2.14644874E+0	2.18905986E-2	0.00000000E+0	0.00000000E+0	-9.52157014E+0
1.17937620E+1	6.63264643E-6	1.83417927E-8	2.16120783E+0	5.54694006E-3	0.00000000E+0	0.00000000E+0	-9.45593593E+0
1.23506645E+1	5.68711616E-6	4.17908803E-8	1.83691990E+0	1.71838343E-2	0.00000000E+0	0.00000000E+0	-9.56359739E+0
1.28259170E+1	4.83264006E-6	1.47736243E-7	1.76410325E+0	1.18997146E-3	0.00000000E+0	0.00000000E+0	-9.68864975E+0
1.33011695E+1	3.86270494E-6	1.28384753E-7	1.70389197E+0	2.59356765E-2	0.00000000E+0	0.00000000E+0	-9.87629090E+0
1.37764219E+1	4.51193056E-6	1.92460459E-8	1.55788967E+0	1.80602566E-2	0.00000000E+0	0.00000000E+0	-9.68582686E+0
1.43223853E+1	3.20977033E-6	5.30197766E-8	1.55900431E+0	3.96213687E-2	0.00000000E+0	0.00000000E+0	-9.98748746E+0
1.47976377E+1	3.82232886E-6	8.57937605E-9	1.36622741E+0	7.43729275E-3	0.00000000E+0	0.00000000E+0	-9.78018312E+0
1.52728902E+1	2.89870051E-6	5.44711666E-8	1.43243074E+0	1.27865873E-2	0.00000000E+0	0.00000000E+0	-1.00251686E+1
1.57481426E+1	1.51022350E-6	1.12638519E-7	1.36476117E+0	1.94268865E-2	0.00000000E+0	0.00000000E+0	-1.06465305E+1


---------------------------------sample information------------------------------------
サンプル名	step_z3_7
試料厚	2.65000000E+1
熱拡散率(位相)	6.73482856E-8
熱拡散率(振幅)	6.13053500E-8
ヒーター印加電圧	1.50000000E+0
切片	4.13799337E+0
Y position	0.00000000E+0
z_pos 3