step_z0_R5_sqrt_TW_freq 	 step_z0_R5_amp 	 step_z0_R5_amp_sigma 	 step_z0_R5_theta 	 step_z0_R5_theta_sigma 	 step_z0_R5_DCV 	 step_z0_R5_DCV_sigma 	 step_z0_R5_decay_ratio 
6.32455532E+0	1.48210695E-5	6.32302891E-8	2.58982017E-2	2.75569661E-3	0.00000000E+0	0.00000000E+0	-9.27502104E+0
6.79980777E+0	1.34125270E-5	3.03308736E-8	-6.42749744E-2	9.94063026E-4	0.00000000E+0	0.00000000E+0	-9.30242709E+0
7.41648866E+0	1.11066555E-5	3.36118717E-8	-1.10905064E-1	1.38213750E-3	0.00000000E+0	0.00000000E+0	-9.40426032E+0
7.89174111E+0	9.45993857E-6	5.74783236E-9	-2.32301125E-1	2.93623426E-3	0.00000000E+0	0.00000000E+0	-9.50262789E+0
8.36699356E+0	8.49488348E-6	2.93433759E-8	-3.64616079E-1	1.87932842E-3	0.00000000E+0	0.00000000E+0	-9.55175189E+0
8.84224602E+0	7.39148656E-6	4.16630390E-8	-3.29630745E-1	7.59697506E-4	0.00000000E+0	0.00000000E+0	-9.63564077E+0
9.31749847E+0	6.43183524E-6	3.56220217E-8	-4.65261315E-1	8.23977937E-3	0.00000000E+0	0.00000000E+0	-9.72235645E+0
9.79275092E+0	6.39618276E-6	6.22828601E-9	-6.32355639E-1	2.23192594E-3	0.00000000E+0	0.00000000E+0	-9.67816678E+0
1.03680046E+1	4.33904769E-6	2.44584918E-8	-5.65328889E-1	5.45798416E-3	0.00000000E+0	0.00000000E+0	-1.00091311E+1
1.08432571E+1	4.63698296E-6	2.57726505E-8	-7.40182891E-1	1.44098735E-3	0.00000000E+0	0.00000000E+0	-9.89790321E+0
1.13185095E+1	4.57664165E-6	5.33248754E-8	-8.49520622E-1	3.78295375E-3	0.00000000E+0	0.00000000E+0	-9.86810570E+0
1.17937620E+1	3.42667455E-6	3.42089237E-8	-7.82822979E-1	1.68977057E-2	0.00000000E+0	0.00000000E+0	-1.01163495E+1
1.23506645E+1	3.21921681E-6	2.89590766E-9	-8.21518424E-1	3.22005462E-2	0.00000000E+0	0.00000000E+0	-1.01326626E+1
1.28259170E+1	3.18558734E-6	1.88023781E-8	-1.14439096E+0	1.98582377E-2	0.00000000E+0	0.00000000E+0	-1.01054060E+1
1.33011695E+1	3.00583857E-6	3.00143838E-8	-8.35264870E-1	1.67308259E-2	0.00000000E+0	0.00000000E+0	-1.01271020E+1
1.37764219E+1	2.12217997E-6	2.75590520E-8	-1.16007292E+0	2.23542633E-2	0.00000000E+0	0.00000000E+0	-1.04401081E+1
1.43223853E+1	1.89944578E-6	2.17044469E-8	-1.14867506E+0	1.85966374E-2	0.00000000E+0	0.00000000E+0	-1.05121247E+1
1.47976377E+1	1.34023237E-6	2.21028937E-8	-1.56934642E+0	5.58758807E-2	0.00000000E+0	0.00000000E+0	-1.08282000E+1
1.52728902E+1	1.96130365E-6	4.21285787E-8	-1.15637320E+0	2.77931524E-3	0.00000000E+0	0.00000000E+0	-1.04158218E+1
1.57481426E+1	9.68650274E-7	2.77001273E-8	-1.40783866E+0	2.20400828E-2	0.00000000E+0	0.00000000E+0	-1.10906398E+1


---------------------------------sample information------------------------------------
サンプル名	step_z0_R5
試料厚	2.65000000E+1
熱拡散率(位相)	9.71148781E-8
熱拡散率(振幅)	8.32065979E-8
ヒーター印加電圧	1.50000000E+0
切片	9.51292202E-1
Y position	0.00000000E+0
z_pos 0
