0122_z10um_100step_sqrt_TW_freq 	 0122_z10um_100step_amp 	 0122_z10um_100step_amp_sigma 	 0122_z10um_100step_theta 	 0122_z10um_100step_theta_sigma 	 0122_z10um_100step_DCV 	 0122_z10um_100step_DCV_sigma 	 0122_z10um_100step_decay_ratio 
7.89865417E+0	1.86608391E-5	3.53518653E-8	-7.65364444E-1	8.82052041E-4	0.00000000E+0	0.00000000E+0	-8.82239101E+0
8.09608011E+0	1.73959719E-5	1.69759346E-8	-8.01570178E-1	1.87882434E-3	0.00000000E+0	0.00000000E+0	-8.86789187E+0
8.29350605E+0	1.60221366E-5	3.25433212E-8	-8.43040634E-1	5.89109228E-4	0.00000000E+0	0.00000000E+0	-8.92606645E+0
8.49093199E+0	1.49256211E-5	1.75149904E-8	-8.36424795E-1	9.79602167E-5	0.00000000E+0	0.00000000E+0	-8.97343251E+0
8.68835794E+0	1.37981717E-5	1.32683669E-8	-8.64935872E-1	5.38693188E-4	0.00000000E+0	0.00000000E+0	-9.02899050E+0
8.88578388E+0	1.28572734E-5	1.27108046E-8	-8.93230353E-1	2.13982571E-4	0.00000000E+0	0.00000000E+0	-9.07714820E+0
9.08320982E+0	1.25524639E-5	5.41067045E-9	-8.94549650E-1	1.82119680E-3	0.00000000E+0	0.00000000E+0	-9.07916595E+0
9.28063576E+0	1.13812221E-5	1.00268731E-8	-9.57790380E-1	2.03595605E-3	0.00000000E+0	0.00000000E+0	-9.15561569E+0
9.47806170E+0	1.09642497E-5	2.41736773E-8	-9.45590011E-1	3.55538490E-5	0.00000000E+0	0.00000000E+0	-9.17189077E+0
9.67548764E+0	1.03725127E-5	9.76022701E-9	-9.83958942E-1	7.68358039E-4	0.00000000E+0	0.00000000E+0	-9.20675562E+0
9.87291358E+0	9.43759123E-6	2.30547691E-8	-1.02136951E+0	1.01484574E-3	0.00000000E+0	0.00000000E+0	-9.28101477E+0
1.01703408E+1	8.49488990E-6	4.06029070E-9	-1.04441058E+0	5.56884494E-4	0.00000000E+0	0.00000000E+0	-9.35657005E+0
1.03677667E+1	8.11995142E-6	1.26950231E-8	-1.03652746E+0	1.41945995E-3	0.00000000E+0	0.00000000E+0	-9.38248475E+0
1.05651927E+1	7.51086502E-6	3.48436745E-9	-1.10091284E+0	3.91339069E-3	0.00000000E+0	0.00000000E+0	-9.44159503E+0
1.07626186E+1	7.14400456E-6	3.58509740E-8	-1.11245236E+0	3.84167870E-3	0.00000000E+0	0.00000000E+0	-9.47315819E+0
1.09600445E+1	6.83346198E-6	1.27164153E-8	-1.11764672E+0	1.83388438E-3	0.00000000E+0	0.00000000E+0	-9.49942279E+0
1.11574705E+1	6.49123735E-6	8.66995921E-10	-1.13296419E+0	7.51884813E-4	0.00000000E+0	0.00000000E+0	-9.53294812E+0
1.13548964E+1	5.85674634E-6	4.88658937E-9	-1.22049679E+0	1.96892900E-3	0.00000000E+0	0.00000000E+0	-9.61826729E+0
1.15523224E+1	5.62910508E-6	2.67112083E-8	-1.19552946E+0	4.71036753E-3	0.00000000E+0	0.00000000E+0	-9.64067360E+0
1.17497483E+1	5.33042453E-6	2.35893570E-8	-1.21843528E+0	5.35054259E-3	0.00000000E+0	0.00000000E+0	-9.67824785E+0
1.19471743E+1	4.98699754E-6	8.29306479E-9	-1.24835440E+0	2.42551594E-3	0.00000000E+0	0.00000000E+0	-9.72818174E+0
1.21446002E+1	4.82560729E-6	9.22309628E-9	-1.25461679E+0	2.98137510E-3	0.00000000E+0	0.00000000E+0	-9.74468933E+0
1.24236762E+1	4.45771174E-6	3.17972823E-9	-1.29668629E+0	1.72493884E-3	0.00000000E+0	0.00000000E+0	-9.80127096E+0
1.26211022E+1	4.33040371E-6	5.70870067E-9	-1.30762232E+0	2.60393385E-3	0.00000000E+0	0.00000000E+0	-9.81447959E+0
1.28185281E+1	3.98224967E-6	3.85795876E-9	-1.29531879E+0	6.62731011E-3	0.00000000E+0	0.00000000E+0	-9.88277202E+0
1.30159541E+1	3.97325616E-6	4.88209648E-9	-1.31450781E+0	1.95762900E-3	0.00000000E+0	0.00000000E+0	-9.86974877E+0
1.32133800E+1	3.34779430E-6	1.42077083E-8	-1.32180925E+0	3.13012826E-4	0.00000000E+0	0.00000000E+0	-1.00259789E+1
1.34108060E+1	3.30888500E-6	8.47936301E-9	-1.39685336E+0	5.06427629E-4	0.00000000E+0	0.00000000E+0	-1.00228385E+1
1.36082319E+1	3.38713863E-6	5.59505357E-9	-1.38954425E+0	2.97545476E-3	0.00000000E+0	0.00000000E+0	-9.98485016E+0
1.38056578E+1	3.10111898E-6	1.08333108E-8	-1.42034909E+0	4.16171610E-3	0.00000000E+0	0.00000000E+0	-1.00586691E+1
1.40030838E+1	2.85983299E-6	5.58079127E-9	-1.43655682E+0	3.99987580E-3	0.00000000E+0	0.00000000E+0	-1.01254698E+1
1.42712206E+1	2.84827486E-6	9.16701899E-9	-1.42976088E+0	3.29233579E-3	0.00000000E+0	0.00000000E+0	-1.01105521E+1
1.44686466E+1	2.69118386E-6	2.03141619E-9	-1.49038772E+0	1.21177064E-4	0.00000000E+0	0.00000000E+0	-1.01535454E+1
1.46660725E+1	2.27228622E-6	2.72439460E-8	-1.55644225E+0	2.38359010E-3	0.00000000E+0	0.00000000E+0	-1.03091873E+1
1.48634984E+1	2.10448592E-6	4.03497748E-9	-1.48862965E+0	1.55831942E-4	0.00000000E+0	0.00000000E+0	-1.03725309E+1
1.50609244E+1	2.18852742E-6	1.45298133E-8	-1.51754548E+0	1.22409690E-3	0.00000000E+0	0.00000000E+0	-1.03201781E+1
1.52583503E+1	2.28343499E-6	2.59333267E-9	-1.62349561E+0	7.33500505E-3	0.00000000E+0	0.00000000E+0	-1.02647028E+1
1.54557763E+1	1.97521283E-6	3.27586043E-9	-1.56885493E+0	1.19473579E-2	0.00000000E+0	0.00000000E+0	-1.03968516E+1
1.56532022E+1	2.09121455E-6	7.15446649E-10	-1.52089995E+0	2.32998993E-3	0.00000000E+0	0.00000000E+0	-1.03270900E+1
1.59138738E+1	1.80589700E-6	9.92127491E-9	-1.56543005E+0	7.94083700E-3	0.00000000E+0	0.00000000E+0	-1.04572618E+1
1.61112998E+1	1.86268078E-6	4.45733133E-9	-1.53815930E+0	2.61633997E-3	0.00000000E+0	0.00000000E+0	-1.04139730E+1
1.63087257E+1	1.63904015E-6	4.53271223E-9	-1.68398308E+0	1.04181529E-2	0.00000000E+0	0.00000000E+0	-1.05296995E+1
1.65061517E+1	1.59160870E-6	1.08241641E-8	-1.68872916E+0	2.46704533E-3	0.00000000E+0	0.00000000E+0	-1.05470322E+1
1.67035776E+1	1.44781668E-6	2.68013951E-9	-1.75456431E+0	6.40085309E-3	0.00000000E+0	0.00000000E+0	-1.06298310E+1
1.69010035E+1	1.36615443E-6	6.59202514E-9	-1.60741482E+0	5.65815516E-3	0.00000000E+0	0.00000000E+0	-1.06761377E+1
1.70984295E+1	1.49202749E-6	6.17346143E-9	-1.70066853E+0	9.75970345E-4	0.00000000E+0	0.00000000E+0	-1.05763880E+1
1.73535905E+1	1.35959494E-6	5.63819392E-9	-1.73884614E+0	6.08211331E-3	0.00000000E+0	0.00000000E+0	-1.06545243E+1
1.75510165E+1	1.21456877E-6	9.03436104E-9	-1.74613564E+0	8.45101857E-3	0.00000000E+0	0.00000000E+0	-1.07560096E+1
1.77484424E+1	1.12551127E-6	3.66056952E-9	-1.79849115E+0	2.28149398E-3	0.00000000E+0	0.00000000E+0	-1.08209754E+1
1.79458684E+1	1.17376441E-6	1.06662408E-8	-1.72309478E+0	1.49842432E-3	0.00000000E+0	0.00000000E+0	-1.07679346E+1
1.81432943E+1	1.13827265E-6	2.09193974E-8	-1.72036795E+0	6.91153236E-3	0.00000000E+0	0.00000000E+0	-1.07876976E+1
1.83407202E+1	9.88228545E-7	3.32362187E-9	-1.84324877E+0	5.43801192E-3	0.00000000E+0	0.00000000E+0	-1.09182281E+1
1.85381462E+1	9.22465403E-7	6.21707425E-9	-1.78434165E+0	5.67393496E-3	0.00000000E+0	0.00000000E+0	-1.09763854E+1
1.87890244E+1	9.56930660E-7	2.96977774E-9	-2.00895558E+0	3.76227570E-3	0.00000000E+0	0.00000000E+0	-1.09262620E+1
1.89864504E+1	9.48685323E-7	3.66545735E-9	-2.05926736E+0	2.29799489E-3	0.00000000E+0	0.00000000E+0	-1.09244631E+1
1.91838763E+1	9.83601041E-7	2.04289168E-8	-1.85029249E+0	1.18907197E-2	0.00000000E+0	0.00000000E+0	-1.08779753E+1
1.93813022E+1	8.81128212E-7	8.17741940E-9	-1.92770987E+0	1.20746324E-2	0.00000000E+0	0.00000000E+0	-1.09777539E+1
1.95787282E+1	9.23847787E-7	7.01631987E-9	-1.96472184E+0	6.50170272E-3	0.00000000E+0	0.00000000E+0	-1.09202748E+1
1.97761541E+1	9.53957845E-7	8.70544881E-9	-2.01470270E+0	1.55930526E-2	0.00000000E+0	0.00000000E+0	-1.08781695E+1
1.99735801E+1	6.84614417E-7	1.46500241E-9	-2.08666206E+0	6.33707043E-3	0.00000000E+0	0.00000000E+0	-1.11999996E+1
2.02210061E+1	7.10134878E-7	3.72473695E-9	-1.77920031E+0	3.43086013E-3	0.00000000E+0	0.00000000E+0	-1.11510889E+1
2.04184320E+1	7.98829320E-7	4.00313476E-9	-2.25442041E+0	3.04895870E-3	0.00000000E+0	0.00000000E+0	-1.10236805E+1
2.06158579E+1	6.86211508E-7	5.44493508E-9	-2.11532227E+0	1.42446210E-2	0.00000000E+0	0.00000000E+0	-1.11660194E+1
2.08132839E+1	7.09668826E-7	1.66856227E-9	-2.05837693E+0	2.56767081E-2	0.00000000E+0	0.00000000E+0	-1.11228760E+1
2.10107098E+1	5.51962968E-7	3.82375934E-9	-1.89753133E+0	2.38781326E-2	0.00000000E+0	0.00000000E+0	-1.13647526E+1
2.12552762E+1	6.37322832E-7	3.07987348E-9	-2.24659329E+0	1.61316188E-2	0.00000000E+0	0.00000000E+0	-1.12093844E+1
2.14527022E+1	6.58561812E-7	7.66871985E-10	-2.26646215E+0	1.08470456E-2	0.00000000E+0	0.00000000E+0	-1.11673568E+1
2.16501281E+1	5.15089636E-7	5.49759104E-9	-2.12758177E+0	5.91174042E-3	0.00000000E+0	0.00000000E+0	-1.14039135E+1
2.18475541E+1	5.14741500E-7	2.80530562E-9	-2.04617932E+0	3.52642403E-2	0.00000000E+0	0.00000000E+0	-1.13955120E+1
2.20449800E+1	4.77706160E-7	1.18333021E-9	-2.00308457E+0	3.46598068E-2	0.00000000E+0	0.00000000E+0	-1.14611851E+1
2.22424059E+1	6.29158579E-7	7.22465101E-9	-2.24839116E+0	4.87739777E-3	0.00000000E+0	0.00000000E+0	-1.11768819E+1
2.24845533E+1	5.44263191E-7	8.04487541E-9	-2.26257387E+0	2.82903148E-3	0.00000000E+0	0.00000000E+0	-1.13110043E+1
2.26819792E+1	3.60129181E-7	6.72641724E-9	-2.07782940E+0	1.93036863E-2	0.00000000E+0	0.00000000E+0	-1.17152323E+1
2.28794052E+1	4.28675877E-7	1.29927370E-8	-2.34395106E+0	1.51371162E-3	0.00000000E+0	0.00000000E+0	-1.15323276E+1
2.30768311E+1	4.52970773E-7	5.19731941E-9	-2.39321767E+0	1.38285177E-2	0.00000000E+0	0.00000000E+0	-1.14686091E+1
2.32742570E+1	3.23083784E-7	3.03223528E-9	-2.20621521E+0	1.94742642E-2	0.00000000E+0	0.00000000E+0	-1.17980063E+1
2.35143231E+1	4.05783755E-7	3.95217446E-9	-2.19937113E+0	9.79858315E-3	0.00000000E+0	0.00000000E+0	-1.15598357E+1
2.37117491E+1	5.03612320E-7	8.86012040E-9	-2.66107486E+0	1.46021875E-2	0.00000000E+0	0.00000000E+0	-1.13354884E+1
2.39091750E+1	3.66720375E-7	6.97057142E-9	-2.54241259E+0	3.04242126E-3	0.00000000E+0	0.00000000E+0	-1.16444039E+1
2.41066010E+1	4.45419354E-7	4.72076499E-9	-2.37408756E+0	1.00638025E-2	0.00000000E+0	0.00000000E+0	-1.14417639E+1
2.43040269E+1	3.56579953E-7	1.12302710E-8	-2.71813214E+0	4.24902194E-2	0.00000000E+0	0.00000000E+0	-1.16560653E+1
2.45422777E+1	4.10665450E-7	4.57980049E-9	-2.33461647E+0	1.21982345E-3	0.00000000E+0	0.00000000E+0	-1.15050897E+1
2.47397036E+1	4.04299594E-7	1.12483038E-9	-2.49671020E+0	5.73154493E-3	0.00000000E+0	0.00000000E+0	-1.15127003E+1
2.49371296E+1	2.77110904E-7	3.74326240E-10	-2.62182339E+0	8.29874075E-3	0.00000000E+0	0.00000000E+0	-1.18824902E+1
2.51345555E+1	3.76774324E-7	1.86024291E-9	-2.25953687E+0	3.24863117E-3	0.00000000E+0	0.00000000E+0	-1.15673758E+1
2.53319815E+1	1.95712564E-7	1.99928821E-9	-2.74859356E+0	4.84401192E-2	0.00000000E+0	0.00000000E+0	-1.22145511E+1
2.55686306E+1	3.26574983E-7	1.47438810E-8	-2.53355185E+0	1.35679350E-2	0.00000000E+0	0.00000000E+0	-1.16932400E+1
2.57660566E+1	2.99361580E-7	5.34266953E-9	-2.33439237E+0	6.12522280E-3	0.00000000E+0	0.00000000E+0	-1.17725557E+1
2.59634825E+1	1.80518578E-7	5.39323824E-9	2.95672217E+0	6.75009146E-1	0.00000000E+0	0.00000000E+0	-1.22707411E+1
2.61609085E+1	2.85333070E-7	1.12408158E-8	-2.73646957E+0	3.93079177E-3	0.00000000E+0	0.00000000E+0	-1.18053424E+1
2.63583344E+1	2.16293883E-7	2.25236186E-9	-3.12269494E+0	2.41311588E-3	0.00000000E+0	0.00000000E+0	-1.20748433E+1
2.65935568E+1	2.61929830E-7	2.42157219E-10	-2.39642406E+0	3.76093991E-2	0.00000000E+0	0.00000000E+0	-1.18745202E+1
2.67909827E+1	2.39353250E-7	7.95844222E-9	-2.64908029E+0	9.59146008E-3	0.00000000E+0	0.00000000E+0	-1.19572600E+1
2.69884087E+1	2.36734559E-7	3.11526661E-9	-2.50982486E+0	3.39585057E-2	0.00000000E+0	0.00000000E+0	-1.19609189E+1
2.71858346E+1	2.95630818E-7	2.55392624E-9	-3.05411248E+0	1.37734284E-2	0.00000000E+0	0.00000000E+0	-1.17314583E+1
2.74197754E+1	2.66049300E-7	2.47652900E-9	-2.79938994E+0	1.91204672E-2	0.00000000E+0	0.00000000E+0	-1.18283197E+1
2.76172014E+1	1.81672713E-7	7.92339847E-9	-2.51800589E+0	1.11105773E-2	0.00000000E+0	0.00000000E+0	-1.22026202E+1
2.78146273E+1	2.67065357E-7	4.06647174E-9	4.60562172E-1	3.09005731E+0	0.00000000E+0	0.00000000E+0	-1.18102104E+1
2.80120532E+1	1.45420114E-7	1.52906889E-9	-1.87326381E+0	2.50246331E+0	0.00000000E+0	0.00000000E+0	-1.24110041E+1
2.82094792E+1	1.84978668E-7	1.96804922E-9	-2.67272638E+0	4.10906823E-2	0.00000000E+0	0.00000000E+0	-1.21633673E+1


---------------------------------sample information------------------------------------
ÉTÉìÉvÉãñº	0122_z10um_100step
ééóøå˙	5.00000000E+1
îMägéUó¶(à ëä)	9.98481562E-7
îMägéUó¶(êUïù)	3.09334695E-7
ÉqÅ[É^Å[àÛâ¡ìdà≥	3.00000000E+0
êÿï–	-1.79722860E-1
Y position	0.00000000E+0
z = -10um