0122_z4um_10step_sqrt_TW_freq 	 0122_z4um_10step_amp 	 0122_z4um_10step_amp_sigma 	 0122_z4um_10step_theta 	 0122_z4um_10step_theta_sigma 	 0122_z4um_10step_DCV 	 0122_z4um_10step_DCV_sigma 	 0122_z4um_10step_decay_ratio 
1.12837917E+1	5.22069849E-6	1.45586430E-8	-1.18191715E+0	1.29520176E-3	0.00000000E+0	0.00000000E+0	-9.73951202E+0
1.37736485E+1	2.48555040E-6	1.57436283E-8	-1.38121651E+0	3.20596787E-3	0.00000000E+0	0.00000000E+0	-1.02822592E+1
1.62525661E+1	1.51911092E-6	2.21882342E-9	-1.60659014E+0	9.43128134E-3	0.00000000E+0	0.00000000E+0	-1.06091345E+1
1.87240185E+1	7.69533861E-7	1.67433205E-8	-1.91725560E+0	1.07052108E-3	0.00000000E+0	0.00000000E+0	-1.11476738E+1
2.11899604E+1	6.96481926E-7	7.72223935E-9	-2.10258291E+0	1.16934439E-2	0.00000000E+0	0.00000000E+0	-1.11236965E+1
2.36516194E+1	3.97442678E-7	1.63933053E-9	-2.59434636E+0	1.45203862E-2	0.00000000E+0	0.00000000E+0	-1.15747835E+1
2.61098261E+1	1.73336562E-7	2.62673124E-9	-2.62804588E+0	3.80984736E-2	0.00000000E+0	0.00000000E+0	-1.23057190E+1
2.85651734E+1	2.65142529E-7	5.80700860E-10	-2.53456071E+0	2.28176923E-2	0.00000000E+0	0.00000000E+0	-1.17908100E+1
3.10181015E+1	1.01933808E-7	9.29110958E-9	2.89929384E+0	5.15250089E-2	0.00000000E+0	0.00000000E+0	-1.26643712E+1
3.34689483E+1	1.28969813E-7	1.03343237E-8	3.09258498E+0	4.76841071E-3	0.00000000E+0	0.00000000E+0	-1.23530694E+1


---------------------------------sample information------------------------------------
ƒTƒ“ƒvƒ‹–¼	0122_z4um_10step
—¿Œú	5.00000000E+1
”MŠgU—¦(ˆÊ‘Š)	8.37838795E-7
”MŠgU—¦(U•)	5.18275039E-7
ƒq[ƒ^[ˆó‰Á“dˆ³	3.00000000E+0
Ø•Ğ	-8.29699916E-2
Y position	0.00000000E+0
z = -4um