step_zm1_R3_sqrt_TW_freq 	 step_zm1_R3_amp 	 step_zm1_R3_amp_sigma 	 step_zm1_R3_theta 	 step_zm1_R3_theta_sigma 	 step_zm1_R3_DCV 	 step_zm1_R3_DCV_sigma 	 step_zm1_R3_decay_ratio 
6.32455532E+0	7.02222183E-5	1.31885269E-8	-3.06103610E+0	5.94708721E-4	0.00000000E+0	0.00000000E+0	-7.71940607E+0
7.63055945E+0	4.92673839E-5	1.32562986E-7	3.02643280E+0	1.34779678E-3	0.00000000E+0	0.00000000E+0	-7.88608711E+0
8.79513514E+0	3.55325626E-5	3.44500721E-8	2.83431621E+0	9.98676400E-4	0.00000000E+0	0.00000000E+0	-8.07086228E+0
1.00597121E+1	2.61345492E-5	4.81227295E-8	2.70453057E+0	7.51088312E-4	0.00000000E+0	0.00000000E+0	-8.24371385E+0
1.12242878E+1	2.02909884E-5	1.26228521E-8	2.48839659E+0	1.14846456E-3	0.00000000E+0	0.00000000E+0	-8.38725371E+0
1.24705136E+1	1.57886492E-5	4.36236667E-8	2.27843220E+0	4.87440979E-4	0.00000000E+0	0.00000000E+0	-8.53285233E+0
1.36350893E+1	1.18820664E-5	2.77562856E-8	2.12966905E+0	8.80335890E-4	0.00000000E+0	0.00000000E+0	-8.72783376E+0
1.48703759E+1	9.17586672E-6	5.02766739E-8	2.04086447E+0	3.65779116E-3	0.00000000E+0	0.00000000E+0	-8.89956266E+0
1.60981973E+1	7.06622829E-6	2.96013687E-8	1.79416322E+0	8.21572404E-3	0.00000000E+0	0.00000000E+0	-9.08147641E+0
1.72627730E+1	5.72794638E-6	2.31777916E-8	1.75449591E+0	5.60378804E-3	0.00000000E+0	0.00000000E+0	-9.22160116E+0


---------------------------------sample information------------------------------------
ÉTÉìÉvÉãñº	step_zm1_R3
ééóøå˙	2.65000000E+1
îMägéUó¶(à ëä)	1.14739416E-7
îMägéUó¶(êUïù)	1.15689687E-7
ÉqÅ[É^Å[àÛâ¡ìdà≥	1.50000000E+0
êÿï–	-2.21445499E+0
Y position	0.00000000E+0
z=2