step_z2_R3_sqrt_TW_freq 	 step_z2_R3_amp 	 step_z2_R3_amp_sigma 	 step_z2_R3_theta 	 step_z2_R3_theta_sigma 	 step_z2_R3_DCV 	 step_z2_R3_DCV_sigma 	 step_z2_R3_decay_ratio 
6.32455532E+0	5.34182121E-5	5.88273056E-8	3.04980685E+0	4.70649637E-4	0.00000000E+0	0.00000000E+0	-7.99291909E+0
7.63055945E+0	3.53528795E-5	1.68606289E-8	2.79024679E+0	1.27974262E-4	0.00000000E+0	0.00000000E+0	-8.21796955E+0
8.79513514E+0	2.54984312E-5	1.67558263E-8	2.56883632E+0	2.09836135E-3	0.00000000E+0	0.00000000E+0	-8.40269488E+0
1.00597121E+1	1.90292838E-5	9.63357719E-8	2.41960261E+0	1.17308406E-3	0.00000000E+0	0.00000000E+0	-8.56099297E+0
1.12242878E+1	1.40249268E-5	6.77366478E-9	2.18744151E+0	3.76159508E-3	0.00000000E+0	0.00000000E+0	-8.75659434E+0
1.24705136E+1	9.50748150E-6	1.14006496E-7	2.01947974E+0	1.10852857E-2	0.00000000E+0	0.00000000E+0	-9.04006460E+0
1.36350893E+1	7.60371070E-6	1.46915821E-8	1.78149174E+0	6.50800994E-3	0.00000000E+0	0.00000000E+0	-9.17422761E+0
1.48703759E+1	5.47268463E-6	1.95587271E-8	1.69014636E+0	3.16061797E-3	0.00000000E+0	0.00000000E+0	-9.41637023E+0
1.60981973E+1	4.65866865E-6	1.40945997E-8	1.47522384E+0	1.13281562E-2	0.00000000E+0	0.00000000E+0	-9.49807355E+0
1.72627730E+1	3.74996567E-6	9.25294445E-8	1.17834852E+0	1.03273447E-2	0.00000000E+0	0.00000000E+0	-9.64521154E+0


---------------------------------sample information------------------------------------
ƒTƒ“ƒvƒ‹–¼	step_z2_R3
—¿Œú	2.65000000E+1
”MŠgU—¦(ˆÊ‘Š)	8.35010225E-8
”MŠgU—¦(U•)	9.17244350E-8
ƒq[ƒ^[ˆó‰Á“dˆ³	1.50000000E+0
Ø•Ğ	4.04013283E+0
Y position	0.00000000E+0
z=2